100
100
10000

1 1 5
1 2 4
1 3 5
1 4 9
1 5 1
1 6 5
1 7 2
1 8 7
1 9 3
1 10 3
1 11 7
1 12 3
1 13 4
1 14 6
1 15 6
1 16 5
1 17 3
1 18 8
1 19 4
1 20 6
1 21 5
1 22 3
1 23 9
1 24 6
1 25 1
1 26 4
1 27 4
1 28 9
1 29 1
1 30 6
1 31 4
1 32 8
1 33 6
1 34 2
1 35 6
1 36 7
1 37 2
1 38 7
1 39 1
1 40 8
1 41 3
1 42 4
1 43 2
1 44 8
1 45 4
1 46 7
1 47 1
1 48 2
1 49 6
1 50 9
1 51 3
1 52 9
1 53 2
1 54 3
1 55 2
1 56 5
1 57 2
1 58 4
1 59 9
1 60 4
1 61 1
1 62 5
1 63 4
1 64 8
1 65 2
1 66 5
1 67 7
1 68 2
1 69 4
1 70 4
1 71 2
1 72 8
1 73 7
1 74 7
1 75 8
1 76 6
1 77 2
1 78 9
1 79 9
1 80 4
1 81 8
1 82 9
1 83 1
1 84 1
1 85 1
1 86 6
1 87 3
1 88 6
1 89 2
1 90 3
1 91 6
1 92 2
1 93 5
1 94 1
1 95 1
1 96 2
1 97 6
1 98 9
1 99 9
1 100 4
2 1 3
2 2 6
2 3 4
2 4 4
2 5 1
2 6 1
2 7 2
2 8 5
2 9 2
2 10 6
2 11 6
2 12 5
2 13 3
2 14 3
2 15 5
2 16 1
2 17 7
2 18 3
2 19 8
2 20 3
2 21 9
2 22 8
2 23 6
2 24 7
2 25 6
2 26 6
2 27 6
2 28 3
2 29 2
2 30 6
2 31 9
2 32 2
2 33 4
2 34 9
2 35 2
2 36 3
2 37 4
2 38 1
2 39 1
2 40 6
2 41 9
2 42 4
2 43 8
2 44 4
2 45 8
2 46 8
2 47 3
2 48 6
2 49 2
2 50 3
2 51 8
2 52 4
2 53 6
2 54 6
2 55 9
2 56 2
2 57 2
2 58 8
2 59 9
2 60 5
2 61 9
2 62 4
2 63 5
2 64 8
2 65 6
2 66 1
2 67 2
2 68 2
2 69 8
2 70 3
2 71 2
2 72 3
2 73 6
2 74 8
2 75 6
2 76 4
2 77 2
2 78 4
2 79 5
2 80 1
2 81 1
2 82 4
2 83 3
2 84 9
2 85 4
2 86 7
2 87 5
2 88 5
2 89 2
2 90 5
2 91 2
2 92 2
2 93 1
2 94 4
2 95 2
2 96 8
2 97 9
2 98 5
2 99 1
2 100 5
3 1 2
3 2 4
3 3 5
3 4 7
3 5 5
3 6 6
3 7 5
3 8 2
3 9 3
3 10 2
3 11 2
3 12 6
3 13 6
3 14 4
3 15 9
3 16 7
3 17 4
3 18 7
3 19 3
3 20 1
3 21 8
3 22 6
3 23 3
3 24 2
3 25 8
3 26 7
3 27 4
3 28 5
3 29 2
3 30 7
3 31 8
3 32 9
3 33 5
3 34 8
3 35 5
3 36 6
3 37 3
3 38 5
3 39 8
3 40 9
3 41 8
3 42 1
3 43 8
3 44 3
3 45 2
3 46 8
3 47 5
3 48 9
3 49 7
3 50 9
3 51 1
3 52 4
3 53 4
3 54 6
3 55 3
3 56 1
3 57 8
3 58 5
3 59 4
3 60 6
3 61 5
3 62 6
3 63 1
3 64 2
3 65 7
3 66 3
3 67 2
3 68 2
3 69 4
3 70 9
3 71 5
3 72 7
3 73 8
3 74 9
3 75 8
3 76 7
3 77 1
3 78 9
3 79 2
3 80 6
3 81 3
3 82 5
3 83 8
3 84 6
3 85 1
3 86 4
3 87 3
3 88 8
3 89 7
3 90 7
3 91 2
3 92 2
3 93 3
3 94 4
3 95 5
3 96 5
3 97 2
3 98 7
3 99 4
3 100 5
4 1 2
4 2 5
4 3 8
4 4 9
4 5 8
4 6 1
4 7 7
4 8 7
4 9 1
4 10 8
4 11 3
4 12 1
4 13 3
4 14 5
4 15 4
4 16 1
4 17 7
4 18 3
4 19 1
4 20 7
4 21 4
4 22 9
4 23 3
4 24 2
4 25 2
4 26 3
4 27 4
4 28 9
4 29 4
4 30 8
4 31 8
4 32 8
4 33 9
4 34 5
4 35 7
4 36 8
4 37 2
4 38 6
4 39 2
4 40 8
4 41 4
4 42 9
4 43 9
4 44 9
4 45 8
4 46 9
4 47 1
4 48 6
4 49 6
4 50 2
4 51 2
4 52 5
4 53 4
4 54 5
4 55 8
4 56 5
4 57 7
4 58 2
4 59 8
4 60 5
4 61 5
4 62 9
4 63 4
4 64 8
4 65 4
4 66 6
4 67 8
4 68 3
4 69 2
4 70 4
4 71 4
4 72 3
4 73 3
4 74 1
4 75 2
4 76 8
4 77 9
4 78 4
4 79 5
4 80 4
4 81 9
4 82 6
4 83 3
4 84 2
4 85 8
4 86 6
4 87 3
4 88 1
4 89 6
4 90 2
4 91 1
4 92 6
4 93 2
4 94 4
4 95 3
4 96 5
4 97 7
4 98 9
4 99 2
4 100 6
5 1 9
5 2 8
5 3 5
5 4 9
5 5 8
5 6 4
5 7 5
5 8 4
5 9 4
5 10 2
5 11 4
5 12 8
5 13 2
5 14 3
5 15 4
5 16 1
5 17 5
5 18 8
5 19 3
5 20 1
5 21 4
5 22 5
5 23 1
5 24 1
5 25 4
5 26 8
5 27 2
5 28 5
5 29 3
5 30 5
5 31 3
5 32 4
5 33 2
5 34 6
5 35 7
5 36 7
5 37 1
5 38 4
5 39 5
5 40 6
5 41 1
5 42 4
5 43 3
5 44 4
5 45 4
5 46 8
5 47 4
5 48 8
5 49 5
5 50 8
5 51 5
5 52 5
5 53 7
5 54 3
5 55 6
5 56 4
5 57 5
5 58 1
5 59 7
5 60 4
5 61 9
5 62 2
5 63 6
5 64 1
5 65 2
5 66 3
5 67 1
5 68 8
5 69 1
5 70 6
5 71 6
5 72 8
5 73 6
5 74 5
5 75 5
5 76 2
5 77 2
5 78 1
5 79 4
5 80 5
5 81 7
5 82 9
5 83 5
5 84 8
5 85 5
5 86 5
5 87 4
5 88 8
5 89 4
5 90 7
5 91 8
5 92 9
5 93 5
5 94 1
5 95 8
5 96 6
5 97 3
5 98 2
5 99 2
5 100 6
6 1 7
6 2 2
6 3 6
6 4 5
6 5 8
6 6 5
6 7 2
6 8 8
6 9 4
6 10 5
6 11 5
6 12 7
6 13 3
6 14 7
6 15 9
6 16 1
6 17 4
6 18 9
6 19 7
6 20 7
6 21 2
6 22 7
6 23 9
6 24 7
6 25 4
6 26 1
6 27 5
6 28 2
6 29 7
6 30 4
6 31 6
6 32 5
6 33 9
6 34 2
6 35 8
6 36 7
6 37 6
6 38 8
6 39 1
6 40 6
6 41 1
6 42 8
6 43 1
6 44 6
6 45 5
6 46 3
6 47 4
6 48 8
6 49 1
6 50 3
6 51 8
6 52 6
6 53 2
6 54 3
6 55 7
6 56 8
6 57 1
6 58 5
6 59 1
6 60 2
6 61 9
6 62 2
6 63 6
6 64 6
6 65 6
6 66 2
6 67 4
6 68 8
6 69 9
6 70 6
6 71 6
6 72 4
6 73 6
6 74 9
6 75 3
6 76 9
6 77 8
6 78 5
6 79 5
6 80 9
6 81 3
6 82 9
6 83 7
6 84 4
6 85 1
6 86 3
6 87 2
6 88 2
6 89 2
6 90 1
6 91 3
6 92 7
6 93 6
6 94 1
6 95 1
6 96 3
6 97 1
6 98 7
6 99 2
6 100 7
7 1 3
7 2 1
7 3 9
7 4 3
7 5 8
7 6 7
7 7 4
7 8 7
7 9 6
7 10 2
7 11 4
7 12 1
7 13 6
7 14 8
7 15 5
7 16 9
7 17 6
7 18 6
7 19 7
7 20 8
7 21 3
7 22 1
7 23 7
7 24 9
7 25 6
7 26 4
7 27 7
7 28 5
7 29 1
7 30 8
7 31 7
7 32 9
7 33 7
7 34 7
7 35 6
7 36 8
7 37 7
7 38 2
7 39 5
7 40 9
7 41 5
7 42 7
7 43 4
7 44 6
7 45 1
7 46 3
7 47 9
7 48 9
7 49 5
7 50 2
7 51 9
7 52 8
7 53 8
7 54 2
7 55 2
7 56 6
7 57 3
7 58 5
7 59 8
7 60 2
7 61 2
7 62 6
7 63 7
7 64 5
7 65 3
7 66 8
7 67 8
7 68 4
7 69 5
7 70 2
7 71 7
7 72 6
7 73 6
7 74 4
7 75 3
7 76 7
7 77 4
7 78 9
7 79 6
7 80 2
7 81 4
7 82 1
7 83 9
7 84 9
7 85 8
7 86 5
7 87 6
7 88 4
7 89 8
7 90 1
7 91 4
7 92 6
7 93 5
7 94 2
7 95 7
7 96 1
7 97 4
7 98 1
7 99 5
7 100 7
8 1 4
8 2 1
8 3 6
8 4 5
8 5 5
8 6 2
8 7 6
8 8 7
8 9 2
8 10 2
8 11 8
8 12 6
8 13 2
8 14 9
8 15 4
8 16 6
8 17 7
8 18 4
8 19 5
8 20 5
8 21 5
8 22 3
8 23 5
8 24 3
8 25 2
8 26 6
8 27 8
8 28 1
8 29 2
8 30 3
8 31 4
8 32 8
8 33 4
8 34 7
8 35 2
8 36 7
8 37 3
8 38 5
8 39 4
8 40 4
8 41 4
8 42 6
8 43 6
8 44 4
8 45 2
8 46 9
8 47 6
8 48 5
8 49 2
8 50 3
8 51 8
8 52 9
8 53 8
8 54 2
8 55 2
8 56 9
8 57 5
8 58 8
8 59 9
8 60 4
8 61 3
8 62 2
8 63 3
8 64 3
8 65 9
8 66 5
8 67 6
8 68 6
8 69 6
8 70 2
8 71 1
8 72 9
8 73 1
8 74 2
8 75 3
8 76 2
8 77 7
8 78 6
8 79 1
8 80 4
8 81 3
8 82 1
8 83 8
8 84 7
8 85 5
8 86 3
8 87 3
8 88 6
8 89 1
8 90 7
8 91 3
8 92 6
8 93 9
8 94 5
8 95 3
8 96 4
8 97 2
8 98 6
8 99 3
8 100 2
9 1 1
9 2 2
9 3 7
9 4 3
9 5 8
9 6 2
9 7 9
9 8 5
9 9 3
9 10 8
9 11 4
9 12 5
9 13 3
9 14 6
9 15 9
9 16 7
9 17 2
9 18 1
9 19 7
9 20 2
9 21 6
9 22 1
9 23 1
9 24 8
9 25 2
9 26 4
9 27 5
9 28 8
9 29 2
9 30 4
9 31 4
9 32 7
9 33 9
9 34 8
9 35 5
9 36 5
9 37 2
9 38 5
9 39 6
9 40 1
9 41 7
9 42 1
9 43 1
9 44 8
9 45 9
9 46 5
9 47 5
9 48 2
9 49 9
9 50 9
9 51 7
9 52 7
9 53 6
9 54 3
9 55 2
9 56 3
9 57 5
9 58 2
9 59 5
9 60 7
9 61 5
9 62 5
9 63 2
9 64 6
9 65 6
9 66 2
9 67 1
9 68 4
9 69 1
9 70 5
9 71 2
9 72 1
9 73 8
9 74 1
9 75 2
9 76 4
9 77 9
9 78 1
9 79 5
9 80 4
9 81 1
9 82 4
9 83 4
9 84 6
9 85 3
9 86 6
9 87 5
9 88 9
9 89 6
9 90 6
9 91 9
9 92 9
9 93 7
9 94 8
9 95 4
9 96 6
9 97 2
9 98 9
9 99 6
9 100 5
10 1 2
10 2 9
10 3 6
10 4 2
10 5 7
10 6 3
10 7 9
10 8 9
10 9 1
10 10 7
10 11 7
10 12 7
10 13 1
10 14 1
10 15 3
10 16 6
10 17 1
10 18 2
10 19 9
10 20 6
10 21 3
10 22 7
10 23 7
10 24 6
10 25 6
10 26 6
10 27 4
10 28 7
10 29 1
10 30 7
10 31 8
10 32 7
10 33 1
10 34 8
10 35 9
10 36 3
10 37 4
10 38 6
10 39 4
10 40 4
10 41 6
10 42 8
10 43 2
10 44 8
10 45 7
10 46 6
10 47 5
10 48 5
10 49 4
10 50 3
10 51 5
10 52 4
10 53 8
10 54 4
10 55 2
10 56 1
10 57 7
10 58 9
10 59 9
10 60 6
10 61 9
10 62 9
10 63 5
10 64 4
10 65 2
10 66 5
10 67 9
10 68 9
10 69 1
10 70 6
10 71 7
10 72 1
10 73 4
10 74 6
10 75 2
10 76 4
10 77 7
10 78 3
10 79 7
10 80 8
10 81 5
10 82 6
10 83 2
10 84 2
10 85 8
10 86 7
10 87 4
10 88 8
10 89 9
10 90 4
10 91 3
10 92 9
10 93 4
10 94 8
10 95 9
10 96 2
10 97 1
10 98 7
10 99 4
10 100 3
11 1 7
11 2 4
11 3 7
11 4 9
11 5 5
11 6 2
11 7 2
11 8 4
11 9 7
11 10 2
11 11 1
11 12 6
11 13 2
11 14 3
11 15 2
11 16 7
11 17 6
11 18 1
11 19 9
11 20 2
11 21 2
11 22 4
11 23 8
11 24 1
11 25 3
11 26 9
11 27 7
11 28 5
11 29 3
11 30 2
11 31 8
11 32 5
11 33 9
11 34 7
11 35 4
11 36 7
11 37 8
11 38 2
11 39 3
11 40 7
11 41 6
11 42 2
11 43 9
11 44 4
11 45 2
11 46 1
11 47 5
11 48 2
11 49 9
11 50 6
11 51 3
11 52 6
11 53 3
11 54 8
11 55 3
11 56 3
11 57 4
11 58 1
11 59 8
11 60 8
11 61 1
11 62 3
11 63 2
11 64 8
11 65 4
11 66 3
11 67 6
11 68 5
11 69 5
11 70 1
11 71 2
11 72 9
11 73 6
11 74 7
11 75 5
11 76 5
11 77 6
11 78 2
11 79 5
11 80 5
11 81 1
11 82 5
11 83 4
11 84 2
11 85 8
11 86 1
11 87 7
11 88 6
11 89 4
11 90 7
11 91 8
11 92 5
11 93 4
11 94 5
11 95 1
11 96 8
11 97 3
11 98 5
11 99 7
11 100 7
12 1 8
12 2 7
12 3 7
12 4 6
12 5 7
12 6 3
12 7 6
12 8 1
12 9 6
12 10 5
12 11 1
12 12 3
12 13 9
12 14 9
12 15 6
12 16 5
12 17 4
12 18 5
12 19 9
12 20 2
12 21 1
12 22 5
12 23 6
12 24 9
12 25 3
12 26 1
12 27 6
12 28 9
12 29 5
12 30 3
12 31 1
12 32 4
12 33 7
12 34 2
12 35 9
12 36 8
12 37 5
12 38 8
12 39 3
12 40 6
12 41 8
12 42 4
12 43 2
12 44 7
12 45 1
12 46 9
12 47 3
12 48 7
12 49 2
12 50 5
12 51 7
12 52 2
12 53 7
12 54 5
12 55 4
12 56 9
12 57 8
12 58 7
12 59 3
12 60 6
12 61 2
12 62 1
12 63 9
12 64 9
12 65 9
12 66 5
12 67 7
12 68 4
12 69 3
12 70 2
12 71 5
12 72 2
12 73 3
12 74 6
12 75 5
12 76 3
12 77 8
12 78 1
12 79 8
12 80 6
12 81 6
12 82 5
12 83 1
12 84 2
12 85 3
12 86 2
12 87 7
12 88 3
12 89 8
12 90 6
12 91 5
12 92 9
12 93 1
12 94 5
12 95 5
12 96 1
12 97 6
12 98 7
12 99 8
12 100 9
13 1 3
13 2 6
13 3 6
13 4 4
13 5 5
13 6 4
13 7 7
13 8 4
13 9 7
13 10 9
13 11 4
13 12 2
13 13 6
13 14 3
13 15 3
13 16 5
13 17 3
13 18 9
13 19 8
13 20 6
13 21 8
13 22 8
13 23 5
13 24 5
13 25 8
13 26 1
13 27 3
13 28 6
13 29 2
13 30 2
13 31 6
13 32 6
13 33 6
13 34 6
13 35 7
13 36 9
13 37 9
13 38 2
13 39 6
13 40 2
13 41 2
13 42 3
13 43 7
13 44 2
13 45 2
13 46 6
13 47 3
13 48 7
13 49 9
13 50 8
13 51 8
13 52 8
13 53 9
13 54 3
13 55 3
13 56 3
13 57 6
13 58 1
13 59 8
13 60 2
13 61 6
13 62 8
13 63 1
13 64 2
13 65 5
13 66 1
13 67 1
13 68 4
13 69 4
13 70 5
13 71 7
13 72 9
13 73 7
13 74 3
13 75 3
13 76 8
13 77 3
13 78 9
13 79 9
13 80 7
13 81 2
13 82 6
13 83 8
13 84 5
13 85 4
13 86 8
13 87 6
13 88 4
13 89 4
13 90 2
13 91 5
13 92 6
13 93 5
13 94 1
13 95 8
13 96 8
13 97 6
13 98 1
13 99 3
13 100 3
14 1 3
14 2 4
14 3 1
14 4 7
14 5 7
14 6 5
14 7 9
14 8 8
14 9 8
14 10 8
14 11 9
14 12 4
14 13 6
14 14 4
14 15 9
14 16 6
14 17 2
14 18 8
14 19 7
14 20 6
14 21 3
14 22 5
14 23 8
14 24 4
14 25 4
14 26 7
14 27 9
14 28 9
14 29 8
14 30 4
14 31 1
14 32 6
14 33 5
14 34 1
14 35 7
14 36 9
14 37 7
14 38 4
14 39 4
14 40 6
14 41 6
14 42 9
14 43 4
14 44 3
14 45 1
14 46 3
14 47 2
14 48 1
14 49 6
14 50 9
14 51 2
14 52 1
14 53 9
14 54 2
14 55 3
14 56 6
14 57 9
14 58 5
14 59 8
14 60 8
14 61 5
14 62 7
14 63 3
14 64 7
14 65 2
14 66 4
14 67 3
14 68 7
14 69 3
14 70 3
14 71 6
14 72 7
14 73 2
14 74 1
14 75 2
14 76 8
14 77 5
14 78 1
14 79 1
14 80 6
14 81 6
14 82 1
14 83 4
14 84 6
14 85 1
14 86 7
14 87 5
14 88 3
14 89 8
14 90 6
14 91 9
14 92 9
14 93 5
14 94 9
14 95 7
14 96 6
14 97 5
14 98 1
14 99 9
14 100 9
15 1 2
15 2 4
15 3 9
15 4 5
15 5 2
15 6 7
15 7 3
15 8 4
15 9 6
15 10 4
15 11 7
15 12 8
15 13 4
15 14 1
15 15 4
15 16 8
15 17 6
15 18 2
15 19 4
15 20 2
15 21 9
15 22 1
15 23 1
15 24 1
15 25 7
15 26 9
15 27 2
15 28 9
15 29 7
15 30 6
15 31 2
15 32 5
15 33 4
15 34 8
15 35 5
15 36 4
15 37 1
15 38 7
15 39 2
15 40 9
15 41 5
15 42 5
15 43 4
15 44 8
15 45 4
15 46 8
15 47 1
15 48 7
15 49 8
15 50 7
15 51 6
15 52 4
15 53 1
15 54 4
15 55 4
15 56 7
15 57 5
15 58 8
15 59 1
15 60 1
15 61 7
15 62 1
15 63 3
15 64 5
15 65 9
15 66 3
15 67 4
15 68 8
15 69 8
15 70 2
15 71 1
15 72 4
15 73 5
15 74 8
15 75 4
15 76 9
15 77 3
15 78 8
15 79 9
15 80 7
15 81 5
15 82 6
15 83 4
15 84 7
15 85 7
15 86 4
15 87 7
15 88 6
15 89 4
15 90 5
15 91 7
15 92 7
15 93 8
15 94 1
15 95 2
15 96 4
15 97 4
15 98 7
15 99 7
15 100 7
16 1 7
16 2 5
16 3 6
16 4 2
16 5 9
16 6 4
16 7 5
16 8 9
16 9 4
16 10 5
16 11 9
16 12 4
16 13 5
16 14 2
16 15 8
16 16 3
16 17 9
16 18 4
16 19 1
16 20 5
16 21 8
16 22 5
16 23 9
16 24 7
16 25 7
16 26 6
16 27 2
16 28 8
16 29 5
16 30 2
16 31 5
16 32 6
16 33 3
16 34 2
16 35 3
16 36 2
16 37 1
16 38 1
16 39 7
16 40 5
16 41 5
16 42 4
16 43 7
16 44 7
16 45 9
16 46 9
16 47 2
16 48 1
16 49 2
16 50 5
16 51 7
16 52 6
16 53 5
16 54 3
16 55 8
16 56 6
16 57 4
16 58 8
16 59 4
16 60 5
16 61 4
16 62 9
16 63 1
16 64 3
16 65 6
16 66 8
16 67 3
16 68 7
16 69 6
16 70 9
16 71 4
16 72 8
16 73 4
16 74 6
16 75 6
16 76 4
16 77 1
16 78 7
16 79 8
16 80 9
16 81 3
16 82 9
16 83 5
16 84 6
16 85 7
16 86 4
16 87 9
16 88 6
16 89 1
16 90 2
16 91 8
16 92 5
16 93 2
16 94 8
16 95 1
16 96 3
16 97 7
16 98 6
16 99 7
16 100 3
17 1 2
17 2 6
17 3 9
17 4 6
17 5 9
17 6 1
17 7 8
17 8 3
17 9 3
17 10 3
17 11 6
17 12 6
17 13 2
17 14 5
17 15 8
17 16 1
17 17 4
17 18 6
17 19 3
17 20 6
17 21 6
17 22 6
17 23 7
17 24 2
17 25 1
17 26 7
17 27 4
17 28 8
17 29 4
17 30 5
17 31 3
17 32 8
17 33 2
17 34 6
17 35 9
17 36 9
17 37 9
17 38 7
17 39 3
17 40 9
17 41 1
17 42 5
17 43 5
17 44 5
17 45 6
17 46 6
17 47 6
17 48 1
17 49 2
17 50 5
17 51 4
17 52 2
17 53 9
17 54 9
17 55 4
17 56 8
17 57 7
17 58 2
17 59 5
17 60 8
17 61 4
17 62 6
17 63 2
17 64 8
17 65 4
17 66 9
17 67 4
17 68 5
17 69 7
17 70 7
17 71 9
17 72 6
17 73 9
17 74 1
17 75 1
17 76 8
17 77 7
17 78 8
17 79 9
17 80 5
17 81 3
17 82 9
17 83 1
17 84 3
17 85 9
17 86 8
17 87 2
17 88 4
17 89 1
17 90 4
17 91 3
17 92 4
17 93 1
17 94 9
17 95 8
17 96 9
17 97 5
17 98 3
17 99 1
17 100 2
18 1 1
18 2 1
18 3 2
18 4 3
18 5 9
18 6 6
18 7 7
18 8 7
18 9 9
18 10 5
18 11 8
18 12 9
18 13 2
18 14 5
18 15 4
18 16 4
18 17 3
18 18 1
18 19 9
18 20 9
18 21 1
18 22 6
18 23 4
18 24 7
18 25 6
18 26 4
18 27 2
18 28 7
18 29 8
18 30 5
18 31 2
18 32 8
18 33 3
18 34 2
18 35 3
18 36 7
18 37 6
18 38 6
18 39 4
18 40 3
18 41 5
18 42 6
18 43 6
18 44 8
18 45 4
18 46 1
18 47 9
18 48 4
18 49 1
18 50 7
18 51 4
18 52 7
18 53 9
18 54 3
18 55 6
18 56 6
18 57 6
18 58 3
18 59 2
18 60 5
18 61 5
18 62 9
18 63 1
18 64 6
18 65 4
18 66 5
18 67 1
18 68 2
18 69 5
18 70 4
18 71 7
18 72 6
18 73 1
18 74 4
18 75 4
18 76 7
18 77 4
18 78 8
18 79 2
18 80 3
18 81 8
18 82 9
18 83 9
18 84 7
18 85 9
18 86 3
18 87 2
18 88 3
18 89 6
18 90 6
18 91 2
18 92 8
18 93 2
18 94 6
18 95 6
18 96 6
18 97 8
18 98 1
18 99 2
18 100 9
19 1 6
19 2 9
19 3 2
19 4 7
19 5 7
19 6 8
19 7 7
19 8 6
19 9 4
19 10 8
19 11 5
19 12 9
19 13 7
19 14 1
19 15 8
19 16 4
19 17 5
19 18 3
19 19 3
19 20 4
19 21 1
19 22 5
19 23 7
19 24 8
19 25 2
19 26 7
19 27 8
19 28 9
19 29 4
19 30 5
19 31 6
19 32 2
19 33 1
19 34 9
19 35 3
19 36 6
19 37 6
19 38 1
19 39 6
19 40 2
19 41 6
19 42 5
19 43 5
19 44 4
19 45 9
19 46 5
19 47 7
19 48 4
19 49 5
19 50 2
19 51 6
19 52 4
19 53 9
19 54 4
19 55 2
19 56 7
19 57 9
19 58 4
19 59 5
19 60 6
19 61 1
19 62 7
19 63 6
19 64 4
19 65 4
19 66 3
19 67 7
19 68 2
19 69 3
19 70 7
19 71 1
19 72 4
19 73 3
19 74 9
19 75 6
19 76 4
19 77 5
19 78 2
19 79 4
19 80 9
19 81 6
19 82 4
19 83 4
19 84 4
19 85 9
19 86 2
19 87 8
19 88 9
19 89 1
19 90 6
19 91 5
19 92 5
19 93 2
19 94 1
19 95 2
19 96 8
19 97 5
19 98 4
19 99 5
19 100 4
20 1 4
20 2 4
20 3 1
20 4 2
20 5 3
20 6 7
20 7 1
20 8 6
20 9 9
20 10 8
20 11 3
20 12 2
20 13 3
20 14 5
20 15 8
20 16 9
20 17 4
20 18 5
20 19 3
20 20 8
20 21 8
20 22 5
20 23 7
20 24 1
20 25 4
20 26 1
20 27 3
20 28 3
20 29 5
20 30 5
20 31 8
20 32 9
20 33 7
20 34 7
20 35 4
20 36 8
20 37 5
20 38 5
20 39 9
20 40 4
20 41 4
20 42 2
20 43 9
20 44 8
20 45 6
20 46 4
20 47 2
20 48 3
20 49 1
20 50 5
20 51 1
20 52 8
20 53 9
20 54 6
20 55 9
20 56 6
20 57 3
20 58 5
20 59 4
20 60 3
20 61 3
20 62 6
20 63 2
20 64 1
20 65 3
20 66 9
20 67 1
20 68 9
20 69 2
20 70 9
20 71 3
20 72 7
20 73 5
20 74 8
20 75 2
20 76 9
20 77 3
20 78 1
20 79 2
20 80 1
20 81 4
20 82 9
20 83 6
20 84 8
20 85 4
20 86 2
20 87 1
20 88 4
20 89 7
20 90 2
20 91 8
20 92 8
20 93 9
20 94 7
20 95 6
20 96 9
20 97 3
20 98 6
20 99 3
20 100 7
21 1 7
21 2 1
21 3 9
21 4 1
21 5 7
21 6 8
21 7 4
21 8 2
21 9 1
21 10 1
21 11 2
21 12 8
21 13 6
21 14 8
21 15 3
21 16 4
21 17 3
21 18 7
21 19 6
21 20 4
21 21 7
21 22 4
21 23 6
21 24 7
21 25 4
21 26 5
21 27 2
21 28 5
21 29 6
21 30 5
21 31 4
21 32 6
21 33 1
21 34 4
21 35 5
21 36 5
21 37 3
21 38 4
21 39 8
21 40 6
21 41 8
21 42 3
21 43 6
21 44 1
21 45 4
21 46 4
21 47 4
21 48 6
21 49 9
21 50 1
21 51 2
21 52 9
21 53 9
21 54 8
21 55 1
21 56 9
21 57 3
21 58 7
21 59 4
21 60 5
21 61 7
21 62 1
21 63 5
21 64 4
21 65 8
21 66 4
21 67 7
21 68 3
21 69 8
21 70 7
21 71 6
21 72 2
21 73 3
21 74 4
21 75 7
21 76 3
21 77 5
21 78 2
21 79 4
21 80 3
21 81 9
21 82 9
21 83 6
21 84 2
21 85 8
21 86 1
21 87 8
21 88 5
21 89 6
21 90 8
21 91 2
21 92 2
21 93 4
21 94 6
21 95 5
21 96 8
21 97 8
21 98 8
21 99 8
21 100 2
22 1 8
22 2 2
22 3 9
22 4 1
22 5 2
22 6 8
22 7 8
22 8 3
22 9 8
22 10 5
22 11 4
22 12 7
22 13 2
22 14 3
22 15 8
22 16 3
22 17 8
22 18 7
22 19 9
22 20 6
22 21 8
22 22 1
22 23 8
22 24 8
22 25 9
22 26 4
22 27 6
22 28 6
22 29 4
22 30 6
22 31 4
22 32 8
22 33 4
22 34 8
22 35 3
22 36 1
22 37 6
22 38 8
22 39 1
22 40 5
22 41 6
22 42 5
22 43 7
22 44 4
22 45 4
22 46 3
22 47 8
22 48 7
22 49 6
22 50 9
22 51 3
22 52 8
22 53 8
22 54 3
22 55 8
22 56 8
22 57 1
22 58 9
22 59 9
22 60 3
22 61 7
22 62 8
22 63 3
22 64 8
22 65 5
22 66 2
22 67 3
22 68 9
22 69 5
22 70 7
22 71 5
22 72 7
22 73 2
22 74 8
22 75 5
22 76 6
22 77 1
22 78 9
22 79 8
22 80 6
22 81 9
22 82 6
22 83 3
22 84 8
22 85 1
22 86 7
22 87 9
22 88 2
22 89 5
22 90 6
22 91 5
22 92 9
22 93 7
22 94 8
22 95 7
22 96 3
22 97 5
22 98 3
22 99 9
22 100 6
23 1 3
23 2 2
23 3 6
23 4 9
23 5 5
23 6 2
23 7 8
23 8 3
23 9 3
23 10 8
23 11 5
23 12 1
23 13 5
23 14 7
23 15 9
23 16 5
23 17 4
23 18 4
23 19 5
23 20 9
23 21 8
23 22 9
23 23 2
23 24 9
23 25 3
23 26 4
23 27 2
23 28 4
23 29 6
23 30 8
23 31 8
23 32 8
23 33 6
23 34 7
23 35 8
23 36 3
23 37 8
23 38 7
23 39 5
23 40 7
23 41 7
23 42 1
23 43 5
23 44 4
23 45 4
23 46 2
23 47 4
23 48 2
23 49 4
23 50 5
23 51 3
23 52 6
23 53 5
23 54 6
23 55 9
23 56 5
23 57 1
23 58 2
23 59 9
23 60 8
23 61 1
23 62 8
23 63 4
23 64 3
23 65 7
23 66 5
23 67 1
23 68 8
23 69 7
23 70 2
23 71 3
23 72 9
23 73 2
23 74 5
23 75 3
23 76 7
23 77 1
23 78 3
23 79 5
23 80 1
23 81 4
23 82 9
23 83 2
23 84 5
23 85 3
23 86 6
23 87 8
23 88 4
23 89 3
23 90 3
23 91 1
23 92 6
23 93 5
23 94 5
23 95 2
23 96 2
23 97 5
23 98 7
23 99 5
23 100 6
24 1 4
24 2 1
24 3 8
24 4 5
24 5 8
24 6 4
24 7 2
24 8 3
24 9 5
24 10 6
24 11 7
24 12 8
24 13 6
24 14 9
24 15 5
24 16 6
24 17 7
24 18 4
24 19 5
24 20 5
24 21 4
24 22 7
24 23 7
24 24 5
24 25 3
24 26 1
24 27 1
24 28 5
24 29 5
24 30 1
24 31 1
24 32 9
24 33 7
24 34 4
24 35 6
24 36 7
24 37 4
24 38 6
24 39 2
24 40 3
24 41 6
24 42 5
24 43 1
24 44 7
24 45 7
24 46 5
24 47 1
24 48 1
24 49 9
24 50 4
24 51 7
24 52 3
24 53 4
24 54 6
24 55 1
24 56 9
24 57 7
24 58 3
24 59 5
24 60 3
24 61 6
24 62 3
24 63 3
24 64 1
24 65 5
24 66 4
24 67 1
24 68 2
24 69 2
24 70 8
24 71 5
24 72 3
24 73 6
24 74 6
24 75 7
24 76 9
24 77 1
24 78 5
24 79 6
24 80 9
24 81 4
24 82 5
24 83 4
24 84 2
24 85 9
24 86 4
24 87 4
24 88 8
24 89 2
24 90 1
24 91 7
24 92 4
24 93 7
24 94 9
24 95 1
24 96 3
24 97 5
24 98 6
24 99 2
24 100 9
25 1 4
25 2 5
25 3 1
25 4 1
25 5 8
25 6 1
25 7 1
25 8 2
25 9 2
25 10 1
25 11 4
25 12 6
25 13 5
25 14 3
25 15 5
25 16 4
25 17 6
25 18 2
25 19 9
25 20 1
25 21 7
25 22 8
25 23 2
25 24 8
25 25 7
25 26 4
25 27 1
25 28 4
25 29 5
25 30 1
25 31 9
25 32 1
25 33 3
25 34 3
25 35 8
25 36 1
25 37 1
25 38 2
25 39 5
25 40 5
25 41 9
25 42 7
25 43 9
25 44 6
25 45 7
25 46 3
25 47 3
25 48 4
25 49 3
25 50 5
25 51 2
25 52 4
25 53 2
25 54 5
25 55 1
25 56 8
25 57 1
25 58 9
25 59 8
25 60 5
25 61 2
25 62 6
25 63 7
25 64 5
25 65 7
25 66 6
25 67 8
25 68 3
25 69 5
25 70 8
25 71 1
25 72 8
25 73 5
25 74 7
25 75 9
25 76 1
25 77 3
25 78 7
25 79 3
25 80 6
25 81 3
25 82 5
25 83 5
25 84 9
25 85 8
25 86 5
25 87 9
25 88 3
25 89 6
25 90 8
25 91 6
25 92 6
25 93 5
25 94 2
25 95 2
25 96 8
25 97 6
25 98 9
25 99 6
25 100 5
26 1 1
26 2 6
26 3 5
26 4 9
26 5 1
26 6 1
26 7 2
26 8 8
26 9 7
26 10 2
26 11 9
26 12 1
26 13 3
26 14 5
26 15 5
26 16 7
26 17 7
26 18 6
26 19 9
26 20 9
26 21 7
26 22 9
26 23 4
26 24 3
26 25 1
26 26 7
26 27 4
26 28 4
26 29 8
26 30 3
26 31 6
26 32 8
26 33 9
26 34 8
26 35 1
26 36 3
26 37 4
26 38 8
26 39 1
26 40 5
26 41 7
26 42 2
26 43 2
26 44 1
26 45 3
26 46 5
26 47 5
26 48 2
26 49 6
26 50 2
26 51 3
26 52 2
26 53 8
26 54 1
26 55 2
26 56 9
26 57 6
26 58 6
26 59 2
26 60 9
26 61 9
26 62 9
26 63 5
26 64 1
26 65 5
26 66 9
26 67 7
26 68 5
26 69 1
26 70 3
26 71 9
26 72 4
26 73 3
26 74 3
26 75 8
26 76 2
26 77 2
26 78 9
26 79 1
26 80 3
26 81 5
26 82 2
26 83 4
26 84 5
26 85 5
26 86 5
26 87 9
26 88 7
26 89 6
26 90 5
26 91 4
26 92 8
26 93 4
26 94 5
26 95 4
26 96 8
26 97 8
26 98 2
26 99 6
26 100 9
27 1 3
27 2 4
27 3 1
27 4 6
27 5 4
27 6 8
27 7 2
27 8 2
27 9 3
27 10 8
27 11 5
27 12 5
27 13 8
27 14 4
27 15 3
27 16 5
27 17 5
27 18 8
27 19 4
27 20 1
27 21 4
27 22 5
27 23 3
27 24 4
27 25 4
27 26 6
27 27 8
27 28 7
27 29 7
27 30 8
27 31 3
27 32 8
27 33 8
27 34 8
27 35 2
27 36 1
27 37 8
27 38 9
27 39 7
27 40 6
27 41 8
27 42 2
27 43 2
27 44 1
27 45 3
27 46 2
27 47 3
27 48 1
27 49 8
27 50 8
27 51 2
27 52 3
27 53 2
27 54 3
27 55 5
27 56 6
27 57 6
27 58 1
27 59 8
27 60 7
27 61 6
27 62 8
27 63 8
27 64 8
27 65 9
27 66 6
27 67 2
27 68 3
27 69 1
27 70 2
27 71 8
27 72 9
27 73 6
27 74 6
27 75 7
27 76 8
27 77 4
27 78 5
27 79 1
27 80 8
27 81 1
27 82 8
27 83 5
27 84 2
27 85 2
27 86 9
27 87 9
27 88 2
27 89 6
27 90 9
27 91 5
27 92 3
27 93 4
27 94 6
27 95 2
27 96 2
27 97 9
27 98 4
27 99 7
27 100 1
28 1 3
28 2 1
28 3 7
28 4 1
28 5 2
28 6 4
28 7 4
28 8 6
28 9 7
28 10 6
28 11 5
28 12 5
28 13 6
28 14 6
28 15 6
28 16 3
28 17 8
28 18 1
28 19 2
28 20 1
28 21 3
28 22 6
28 23 5
28 24 3
28 25 7
28 26 3
28 27 6
28 28 8
28 29 5
28 30 1
28 31 4
28 32 2
28 33 3
28 34 2
28 35 3
28 36 2
28 37 5
28 38 7
28 39 6
28 40 4
28 41 2
28 42 4
28 43 3
28 44 4
28 45 4
28 46 3
28 47 9
28 48 8
28 49 5
28 50 6
28 51 6
28 52 7
28 53 7
28 54 7
28 55 9
28 56 7
28 57 5
28 58 2
28 59 5
28 60 6
28 61 8
28 62 6
28 63 8
28 64 4
28 65 5
28 66 7
28 67 2
28 68 5
28 69 4
28 70 3
28 71 5
28 72 8
28 73 8
28 74 2
28 75 3
28 76 5
28 77 5
28 78 1
28 79 1
28 80 9
28 81 5
28 82 5
28 83 8
28 84 2
28 85 3
28 86 6
28 87 6
28 88 6
28 89 4
28 90 7
28 91 3
28 92 6
28 93 4
28 94 7
28 95 9
28 96 5
28 97 3
28 98 9
28 99 1
28 100 4
29 1 3
29 2 4
29 3 6
29 4 9
29 5 1
29 6 6
29 7 4
29 8 1
29 9 1
29 10 9
29 11 7
29 12 7
29 13 5
29 14 8
29 15 1
29 16 8
29 17 4
29 18 2
29 19 4
29 20 7
29 21 5
29 22 4
29 23 3
29 24 8
29 25 6
29 26 3
29 27 9
29 28 8
29 29 2
29 30 4
29 31 9
29 32 3
29 33 4
29 34 6
29 35 7
29 36 6
29 37 2
29 38 2
29 39 1
29 40 7
29 41 7
29 42 6
29 43 6
29 44 2
29 45 4
29 46 9
29 47 6
29 48 3
29 49 3
29 50 4
29 51 4
29 52 7
29 53 5
29 54 5
29 55 3
29 56 5
29 57 1
29 58 2
29 59 2
29 60 7
29 61 2
29 62 5
29 63 1
29 64 3
29 65 1
29 66 5
29 67 1
29 68 5
29 69 2
29 70 6
29 71 4
29 72 5
29 73 6
29 74 8
29 75 4
29 76 3
29 77 5
29 78 5
29 79 3
29 80 8
29 81 2
29 82 8
29 83 5
29 84 8
29 85 8
29 86 5
29 87 2
29 88 4
29 89 9
29 90 4
29 91 3
29 92 5
29 93 3
29 94 6
29 95 6
29 96 9
29 97 8
29 98 4
29 99 6
29 100 2
30 1 9
30 2 7
30 3 1
30 4 2
30 5 5
30 6 4
30 7 2
30 8 7
30 9 6
30 10 7
30 11 8
30 12 3
30 13 1
30 14 1
30 15 3
30 16 9
30 17 9
30 18 5
30 19 8
30 20 1
30 21 5
30 22 9
30 23 8
30 24 3
30 25 6
30 26 1
30 27 1
30 28 5
30 29 1
30 30 9
30 31 3
30 32 7
30 33 1
30 34 3
30 35 9
30 36 9
30 37 7
30 38 7
30 39 3
30 40 1
30 41 3
30 42 3
30 43 6
30 44 8
30 45 8
30 46 3
30 47 6
30 48 6
30 49 5
30 50 6
30 51 8
30 52 6
30 53 9
30 54 5
30 55 9
30 56 6
30 57 2
30 58 4
30 59 9
30 60 3
30 61 2
30 62 7
30 63 3
30 64 6
30 65 4
30 66 3
30 67 2
30 68 1
30 69 7
30 70 6
30 71 4
30 72 1
30 73 3
30 74 2
30 75 4
30 76 6
30 77 9
30 78 7
30 79 5
30 80 1
30 81 1
30 82 5
30 83 8
30 84 5
30 85 6
30 86 7
30 87 4
30 88 4
30 89 4
30 90 6
30 91 4
30 92 3
30 93 6
30 94 4
30 95 7
30 96 2
30 97 9
30 98 1
30 99 4
30 100 4
31 1 3
31 2 4
31 3 4
31 4 6
31 5 3
31 6 7
31 7 4
31 8 1
31 9 1
31 10 9
31 11 5
31 12 8
31 13 9
31 14 2
31 15 2
31 16 2
31 17 2
31 18 5
31 19 5
31 20 3
31 21 3
31 22 1
31 23 8
31 24 4
31 25 7
31 26 5
31 27 1
31 28 3
31 29 5
31 30 5
31 31 7
31 32 8
31 33 6
31 34 3
31 35 6
31 36 9
31 37 6
31 38 1
31 39 4
31 40 1
31 41 2
31 42 6
31 43 4
31 44 3
31 45 2
31 46 6
31 47 1
31 48 1
31 49 3
31 50 6
31 51 5
31 52 8
31 53 1
31 54 3
31 55 3
31 56 9
31 57 2
31 58 5
31 59 1
31 60 1
31 61 5
31 62 2
31 63 1
31 64 2
31 65 6
31 66 7
31 67 6
31 68 3
31 69 2
31 70 9
31 71 2
31 72 8
31 73 3
31 74 2
31 75 8
31 76 5
31 77 8
31 78 1
31 79 9
31 80 9
31 81 1
31 82 9
31 83 1
31 84 9
31 85 3
31 86 2
31 87 7
31 88 2
31 89 3
31 90 1
31 91 7
31 92 8
31 93 1
31 94 7
31 95 6
31 96 7
31 97 4
31 98 1
31 99 4
31 100 5
32 1 8
32 2 1
32 3 5
32 4 2
32 5 2
32 6 7
32 7 1
32 8 6
32 9 1
32 10 5
32 11 7
32 12 4
32 13 7
32 14 9
32 15 7
32 16 4
32 17 8
32 18 5
32 19 4
32 20 6
32 21 6
32 22 6
32 23 7
32 24 2
32 25 8
32 26 7
32 27 1
32 28 6
32 29 6
32 30 6
32 31 5
32 32 1
32 33 6
32 34 5
32 35 5
32 36 3
32 37 3
32 38 4
32 39 8
32 40 3
32 41 4
32 42 9
32 43 6
32 44 9
32 45 9
32 46 8
32 47 1
32 48 4
32 49 1
32 50 9
32 51 8
32 52 8
32 53 6
32 54 8
32 55 4
32 56 5
32 57 9
32 58 5
32 59 5
32 60 4
32 61 3
32 62 4
32 63 8
32 64 6
32 65 9
32 66 4
32 67 7
32 68 4
32 69 6
32 70 6
32 71 5
32 72 7
32 73 8
32 74 9
32 75 5
32 76 1
32 77 9
32 78 2
32 79 7
32 80 6
32 81 7
32 82 2
32 83 9
32 84 3
32 85 8
32 86 7
32 87 4
32 88 4
32 89 4
32 90 1
32 91 8
32 92 9
32 93 1
32 94 3
32 95 5
32 96 4
32 97 7
32 98 1
32 99 1
32 100 9
33 1 8
33 2 1
33 3 1
33 4 8
33 5 6
33 6 3
33 7 9
33 8 1
33 9 3
33 10 7
33 11 1
33 12 9
33 13 4
33 14 5
33 15 9
33 16 8
33 17 3
33 18 6
33 19 9
33 20 5
33 21 2
33 22 8
33 23 8
33 24 6
33 25 1
33 26 1
33 27 6
33 28 4
33 29 9
33 30 8
33 31 7
33 32 4
33 33 3
33 34 4
33 35 8
33 36 8
33 37 9
33 38 5
33 39 7
33 40 4
33 41 6
33 42 4
33 43 7
33 44 6
33 45 8
33 46 5
33 47 5
33 48 5
33 49 3
33 50 1
33 51 1
33 52 4
33 53 5
33 54 3
33 55 1
33 56 1
33 57 3
33 58 7
33 59 5
33 60 7
33 61 8
33 62 4
33 63 9
33 64 2
33 65 7
33 66 2
33 67 4
33 68 7
33 69 6
33 70 7
33 71 2
33 72 7
33 73 7
33 74 7
33 75 8
33 76 8
33 77 4
33 78 5
33 79 9
33 80 8
33 81 3
33 82 9
33 83 2
33 84 1
33 85 5
33 86 2
33 87 9
33 88 1
33 89 5
33 90 1
33 91 7
33 92 4
33 93 3
33 94 9
33 95 6
33 96 1
33 97 1
33 98 1
33 99 4
33 100 7
34 1 2
34 2 3
34 3 8
34 4 3
34 5 2
34 6 5
34 7 3
34 8 4
34 9 6
34 10 7
34 11 8
34 12 1
34 13 3
34 14 3
34 15 5
34 16 4
34 17 7
34 18 8
34 19 3
34 20 2
34 21 3
34 22 6
34 23 4
34 24 6
34 25 7
34 26 5
34 27 3
34 28 1
34 29 3
34 30 3
34 31 6
34 32 6
34 33 7
34 34 2
34 35 8
34 36 8
34 37 2
34 38 8
34 39 9
34 40 9
34 41 2
34 42 4
34 43 5
34 44 5
34 45 5
34 46 2
34 47 8
34 48 1
34 49 7
34 50 1
34 51 4
34 52 2
34 53 3
34 54 6
34 55 4
34 56 3
34 57 8
34 58 1
34 59 8
34 60 6
34 61 7
34 62 6
34 63 5
34 64 5
34 65 7
34 66 6
34 67 7
34 68 8
34 69 4
34 70 1
34 71 1
34 72 6
34 73 8
34 74 9
34 75 1
34 76 3
34 77 7
34 78 5
34 79 1
34 80 8
34 81 2
34 82 4
34 83 4
34 84 3
34 85 4
34 86 2
34 87 6
34 88 7
34 89 2
34 90 7
34 91 7
34 92 7
34 93 6
34 94 2
34 95 1
34 96 3
34 97 6
34 98 7
34 99 9
34 100 1
35 1 5
35 2 4
35 3 6
35 4 2
35 5 9
35 6 2
35 7 6
35 8 1
35 9 1
35 10 6
35 11 5
35 12 9
35 13 1
35 14 4
35 15 7
35 16 7
35 17 7
35 18 2
35 19 1
35 20 3
35 21 8
35 22 2
35 23 4
35 24 3
35 25 3
35 26 3
35 27 9
35 28 2
35 29 9
35 30 2
35 31 1
35 32 7
35 33 2
35 34 1
35 35 7
35 36 3
35 37 8
35 38 3
35 39 1
35 40 6
35 41 1
35 42 9
35 43 9
35 44 3
35 45 2
35 46 3
35 47 7
35 48 9
35 49 1
35 50 4
35 51 7
35 52 1
35 53 6
35 54 7
35 55 8
35 56 8
35 57 1
35 58 2
35 59 5
35 60 6
35 61 1
35 62 3
35 63 5
35 64 1
35 65 9
35 66 4
35 67 8
35 68 4
35 69 6
35 70 3
35 71 6
35 72 5
35 73 2
35 74 2
35 75 3
35 76 1
35 77 4
35 78 5
35 79 9
35 80 8
35 81 6
35 82 5
35 83 7
35 84 4
35 85 6
35 86 8
35 87 5
35 88 5
35 89 3
35 90 4
35 91 1
35 92 6
35 93 8
35 94 7
35 95 4
35 96 6
35 97 8
35 98 9
35 99 5
35 100 7
36 1 5
36 2 1
36 3 7
36 4 7
36 5 6
36 6 1
36 7 5
36 8 2
36 9 1
36 10 5
36 11 1
36 12 5
36 13 6
36 14 3
36 15 4
36 16 2
36 17 9
36 18 1
36 19 4
36 20 3
36 21 8
36 22 2
36 23 5
36 24 7
36 25 9
36 26 5
36 27 9
36 28 5
36 29 4
36 30 3
36 31 8
36 32 7
36 33 5
36 34 4
36 35 1
36 36 2
36 37 6
36 38 2
36 39 3
36 40 2
36 41 5
36 42 9
36 43 2
36 44 9
36 45 6
36 46 6
36 47 6
36 48 8
36 49 6
36 50 5
36 51 2
36 52 3
36 53 9
36 54 3
36 55 4
36 56 1
36 57 8
36 58 9
36 59 4
36 60 1
36 61 2
36 62 5
36 63 6
36 64 1
36 65 5
36 66 2
36 67 2
36 68 6
36 69 1
36 70 1
36 71 8
36 72 2
36 73 8
36 74 9
36 75 7
36 76 6
36 77 1
36 78 3
36 79 6
36 80 8
36 81 2
36 82 1
36 83 8
36 84 1
36 85 6
36 86 9
36 87 1
36 88 2
36 89 9
36 90 4
36 91 9
36 92 2
36 93 2
36 94 9
36 95 4
36 96 8
36 97 7
36 98 8
36 99 8
36 100 8
37 1 6
37 2 9
37 3 9
37 4 5
37 5 1
37 6 8
37 7 4
37 8 2
37 9 3
37 10 2
37 11 1
37 12 7
37 13 9
37 14 5
37 15 4
37 16 7
37 17 2
37 18 5
37 19 7
37 20 9
37 21 6
37 22 9
37 23 7
37 24 3
37 25 1
37 26 6
37 27 5
37 28 2
37 29 9
37 30 3
37 31 3
37 32 8
37 33 4
37 34 2
37 35 5
37 36 5
37 37 2
37 38 8
37 39 2
37 40 8
37 41 6
37 42 5
37 43 6
37 44 6
37 45 4
37 46 9
37 47 1
37 48 1
37 49 5
37 50 5
37 51 4
37 52 7
37 53 2
37 54 7
37 55 5
37 56 5
37 57 1
37 58 2
37 59 1
37 60 6
37 61 5
37 62 7
37 63 7
37 64 8
37 65 3
37 66 6
37 67 8
37 68 6
37 69 7
37 70 1
37 71 3
37 72 5
37 73 7
37 74 1
37 75 9
37 76 2
37 77 9
37 78 9
37 79 1
37 80 3
37 81 9
37 82 3
37 83 1
37 84 2
37 85 2
37 86 3
37 87 9
37 88 5
37 89 3
37 90 3
37 91 2
37 92 3
37 93 3
37 94 3
37 95 2
37 96 1
37 97 9
37 98 3
37 99 8
37 100 3
38 1 9
38 2 9
38 3 9
38 4 1
38 5 7
38 6 9
38 7 4
38 8 1
38 9 2
38 10 3
38 11 9
38 12 8
38 13 2
38 14 3
38 15 3
38 16 6
38 17 6
38 18 5
38 19 4
38 20 8
38 21 6
38 22 7
38 23 6
38 24 4
38 25 2
38 26 2
38 27 5
38 28 3
38 29 8
38 30 4
38 31 2
38 32 1
38 33 7
38 34 4
38 35 7
38 36 4
38 37 1
38 38 7
38 39 9
38 40 9
38 41 9
38 42 4
38 43 8
38 44 7
38 45 6
38 46 3
38 47 8
38 48 2
38 49 1
38 50 3
38 51 5
38 52 3
38 53 1
38 54 1
38 55 8
38 56 7
38 57 9
38 58 5
38 59 1
38 60 3
38 61 9
38 62 9
38 63 4
38 64 1
38 65 3
38 66 5
38 67 1
38 68 4
38 69 8
38 70 9
38 71 1
38 72 3
38 73 3
38 74 4
38 75 2
38 76 1
38 77 1
38 78 2
38 79 3
38 80 4
38 81 2
38 82 3
38 83 3
38 84 7
38 85 2
38 86 7
38 87 1
38 88 1
38 89 4
38 90 1
38 91 8
38 92 5
38 93 2
38 94 9
38 95 9
38 96 7
38 97 2
38 98 5
38 99 6
38 100 5
39 1 7
39 2 9
39 3 6
39 4 6
39 5 6
39 6 7
39 7 8
39 8 5
39 9 6
39 10 7
39 11 4
39 12 9
39 13 5
39 14 8
39 15 4
39 16 8
39 17 7
39 18 3
39 19 2
39 20 1
39 21 9
39 22 4
39 23 1
39 24 2
39 25 2
39 26 9
39 27 3
39 28 1
39 29 6
39 30 6
39 31 2
39 32 9
39 33 5
39 34 2
39 35 4
39 36 8
39 37 5
39 38 1
39 39 8
39 40 4
39 41 2
39 42 6
39 43 4
39 44 3
39 45 2
39 46 8
39 47 5
39 48 3
39 49 2
39 50 4
39 51 4
39 52 3
39 53 4
39 54 3
39 55 8
39 56 1
39 57 9
39 58 5
39 59 1
39 60 6
39 61 7
39 62 1
39 63 4
39 64 7
39 65 6
39 66 5
39 67 7
39 68 3
39 69 2
39 70 5
39 71 7
39 72 6
39 73 3
39 74 6
39 75 7
39 76 5
39 77 5
39 78 5
39 79 8
39 80 3
39 81 9
39 82 6
39 83 1
39 84 2
39 85 5
39 86 1
39 87 9
39 88 2
39 89 3
39 90 7
39 91 3
39 92 7
39 93 9
39 94 4
39 95 1
39 96 2
39 97 2
39 98 1
39 99 8
39 100 5
40 1 1
40 2 3
40 3 5
40 4 7
40 5 1
40 6 4
40 7 6
40 8 6
40 9 6
40 10 6
40 11 6
40 12 2
40 13 5
40 14 4
40 15 5
40 16 3
40 17 5
40 18 6
40 19 4
40 20 2
40 21 7
40 22 4
40 23 8
40 24 4
40 25 5
40 26 4
40 27 9
40 28 5
40 29 6
40 30 1
40 31 1
40 32 8
40 33 6
40 34 4
40 35 7
40 36 9
40 37 9
40 38 5
40 39 4
40 40 9
40 41 9
40 42 6
40 43 5
40 44 7
40 45 6
40 46 1
40 47 2
40 48 3
40 49 2
40 50 9
40 51 3
40 52 3
40 53 2
40 54 7
40 55 8
40 56 1
40 57 6
40 58 1
40 59 3
40 60 8
40 61 6
40 62 2
40 63 3
40 64 9
40 65 7
40 66 1
40 67 6
40 68 6
40 69 9
40 70 2
40 71 9
40 72 4
40 73 1
40 74 6
40 75 3
40 76 1
40 77 6
40 78 3
40 79 5
40 80 8
40 81 2
40 82 5
40 83 6
40 84 3
40 85 9
40 86 4
40 87 4
40 88 2
40 89 8
40 90 5
40 91 3
40 92 1
40 93 8
40 94 1
40 95 6
40 96 1
40 97 8
40 98 1
40 99 7
40 100 6
41 1 2
41 2 7
41 3 3
41 4 5
41 5 8
41 6 4
41 7 6
41 8 5
41 9 8
41 10 9
41 11 4
41 12 7
41 13 7
41 14 3
41 15 4
41 16 6
41 17 7
41 18 8
41 19 4
41 20 7
41 21 2
41 22 8
41 23 4
41 24 3
41 25 4
41 26 1
41 27 6
41 28 2
41 29 9
41 30 2
41 31 3
41 32 5
41 33 4
41 34 7
41 35 7
41 36 3
41 37 5
41 38 1
41 39 1
41 40 7
41 41 7
41 42 1
41 43 5
41 44 4
41 45 7
41 46 8
41 47 6
41 48 6
41 49 3
41 50 5
41 51 2
41 52 2
41 53 4
41 54 3
41 55 9
41 56 5
41 57 8
41 58 6
41 59 8
41 60 1
41 61 1
41 62 9
41 63 7
41 64 9
41 65 7
41 66 5
41 67 3
41 68 3
41 69 7
41 70 3
41 71 8
41 72 8
41 73 9
41 74 2
41 75 9
41 76 5
41 77 1
41 78 3
41 79 8
41 80 4
41 81 4
41 82 4
41 83 2
41 84 3
41 85 6
41 86 4
41 87 9
41 88 3
41 89 9
41 90 7
41 91 6
41 92 3
41 93 1
41 94 6
41 95 6
41 96 6
41 97 3
41 98 4
41 99 9
41 100 1
42 1 8
42 2 2
42 3 7
42 4 7
42 5 6
42 6 3
42 7 1
42 8 7
42 9 3
42 10 1
42 11 1
42 12 7
42 13 1
42 14 2
42 15 6
42 16 2
42 17 8
42 18 5
42 19 1
42 20 2
42 21 1
42 22 3
42 23 7
42 24 7
42 25 8
42 26 7
42 27 7
42 28 5
42 29 3
42 30 2
42 31 6
42 32 9
42 33 5
42 34 8
42 35 5
42 36 4
42 37 6
42 38 5
42 39 4
42 40 1
42 41 5
42 42 3
42 43 4
42 44 9
42 45 2
42 46 4
42 47 1
42 48 5
42 49 7
42 50 7
42 51 3
42 52 5
42 53 5
42 54 8
42 55 2
42 56 6
42 57 4
42 58 4
42 59 8
42 60 6
42 61 3
42 62 2
42 63 2
42 64 1
42 65 7
42 66 3
42 67 2
42 68 7
42 69 4
42 70 9
42 71 6
42 72 9
42 73 3
42 74 9
42 75 5
42 76 8
42 77 9
42 78 7
42 79 8
42 80 1
42 81 2
42 82 2
42 83 3
42 84 3
42 85 6
42 86 7
42 87 5
42 88 6
42 89 6
42 90 2
42 91 4
42 92 7
42 93 5
42 94 9
42 95 8
42 96 2
42 97 1
42 98 9
42 99 3
42 100 1
43 1 8
43 2 6
43 3 1
43 4 8
43 5 9
43 6 2
43 7 8
43 8 8
43 9 6
43 10 9
43 11 9
43 12 3
43 13 8
43 14 6
43 15 3
43 16 3
43 17 8
43 18 2
43 19 6
43 20 4
43 21 8
43 22 1
43 23 4
43 24 6
43 25 9
43 26 2
43 27 3
43 28 9
43 29 3
43 30 8
43 31 6
43 32 5
43 33 7
43 34 9
43 35 1
43 36 2
43 37 5
43 38 7
43 39 4
43 40 1
43 41 2
43 42 6
43 43 8
43 44 4
43 45 4
43 46 6
43 47 3
43 48 6
43 49 3
43 50 1
43 51 7
43 52 5
43 53 6
43 54 4
43 55 9
43 56 6
43 57 8
43 58 3
43 59 1
43 60 4
43 61 7
43 62 1
43 63 4
43 64 3
43 65 5
43 66 8
43 67 5
43 68 9
43 69 7
43 70 6
43 71 5
43 72 3
43 73 5
43 74 7
43 75 2
43 76 9
43 77 4
43 78 8
43 79 4
43 80 3
43 81 6
43 82 3
43 83 7
43 84 4
43 85 2
43 86 8
43 87 8
43 88 1
43 89 8
43 90 5
43 91 7
43 92 6
43 93 1
43 94 4
43 95 7
43 96 1
43 97 7
43 98 2
43 99 4
43 100 6
44 1 6
44 2 5
44 3 4
44 4 9
44 5 9
44 6 3
44 7 9
44 8 4
44 9 9
44 10 5
44 11 9
44 12 3
44 13 7
44 14 6
44 15 6
44 16 9
44 17 8
44 18 9
44 19 8
44 20 7
44 21 2
44 22 4
44 23 8
44 24 3
44 25 7
44 26 4
44 27 1
44 28 4
44 29 6
44 30 2
44 31 5
44 32 4
44 33 1
44 34 9
44 35 8
44 36 8
44 37 7
44 38 7
44 39 9
44 40 9
44 41 5
44 42 1
44 43 3
44 44 1
44 45 3
44 46 3
44 47 7
44 48 9
44 49 2
44 50 6
44 51 7
44 52 6
44 53 5
44 54 7
44 55 4
44 56 1
44 57 1
44 58 1
44 59 3
44 60 3
44 61 3
44 62 5
44 63 6
44 64 7
44 65 5
44 66 8
44 67 1
44 68 7
44 69 2
44 70 1
44 71 8
44 72 3
44 73 5
44 74 4
44 75 5
44 76 1
44 77 4
44 78 5
44 79 1
44 80 9
44 81 7
44 82 8
44 83 4
44 84 5
44 85 5
44 86 4
44 87 9
44 88 4
44 89 5
44 90 6
44 91 3
44 92 6
44 93 4
44 94 3
44 95 4
44 96 3
44 97 4
44 98 4
44 99 6
44 100 9
45 1 7
45 2 5
45 3 7
45 4 9
45 5 9
45 6 9
45 7 3
45 8 4
45 9 4
45 10 6
45 11 1
45 12 2
45 13 3
45 14 3
45 15 8
45 16 8
45 17 1
45 18 7
45 19 5
45 20 3
45 21 6
45 22 9
45 23 4
45 24 5
45 25 8
45 26 1
45 27 7
45 28 6
45 29 7
45 30 6
45 31 2
45 32 8
45 33 1
45 34 4
45 35 7
45 36 1
45 37 3
45 38 3
45 39 9
45 40 6
45 41 7
45 42 7
45 43 1
45 44 3
45 45 8
45 46 7
45 47 8
45 48 6
45 49 4
45 50 2
45 51 3
45 52 3
45 53 1
45 54 3
45 55 1
45 56 5
45 57 9
45 58 3
45 59 3
45 60 2
45 61 4
45 62 3
45 63 3
45 64 4
45 65 4
45 66 6
45 67 4
45 68 3
45 69 6
45 70 2
45 71 3
45 72 4
45 73 6
45 74 6
45 75 5
45 76 1
45 77 1
45 78 6
45 79 9
45 80 4
45 81 3
45 82 1
45 83 7
45 84 3
45 85 4
45 86 6
45 87 4
45 88 1
45 89 7
45 90 4
45 91 6
45 92 3
45 93 5
45 94 9
45 95 4
45 96 7
45 97 9
45 98 5
45 99 2
45 100 3
46 1 1
46 2 1
46 3 4
46 4 8
46 5 8
46 6 3
46 7 4
46 8 7
46 9 2
46 10 5
46 11 7
46 12 8
46 13 7
46 14 6
46 15 2
46 16 6
46 17 6
46 18 7
46 19 5
46 20 3
46 21 9
46 22 9
46 23 7
46 24 2
46 25 7
46 26 3
46 27 2
46 28 5
46 29 3
46 30 3
46 31 6
46 32 2
46 33 5
46 34 3
46 35 3
46 36 2
46 37 9
46 38 1
46 39 8
46 40 2
46 41 3
46 42 1
46 43 1
46 44 5
46 45 4
46 46 4
46 47 7
46 48 1
46 49 4
46 50 5
46 51 8
46 52 5
46 53 3
46 54 6
46 55 9
46 56 2
46 57 7
46 58 8
46 59 2
46 60 6
46 61 4
46 62 6
46 63 8
46 64 8
46 65 2
46 66 6
46 67 3
46 68 7
46 69 6
46 70 8
46 71 7
46 72 6
46 73 4
46 74 3
46 75 2
46 76 2
46 77 6
46 78 5
46 79 5
46 80 3
46 81 9
46 82 4
46 83 2
46 84 5
46 85 3
46 86 1
46 87 4
46 88 6
46 89 1
46 90 9
46 91 9
46 92 5
46 93 8
46 94 7
46 95 5
46 96 7
46 97 7
46 98 3
46 99 8
46 100 5
47 1 8
47 2 7
47 3 3
47 4 8
47 5 7
47 6 2
47 7 4
47 8 4
47 9 5
47 10 4
47 11 2
47 12 8
47 13 4
47 14 1
47 15 6
47 16 6
47 17 2
47 18 9
47 19 4
47 20 7
47 21 1
47 22 6
47 23 7
47 24 4
47 25 8
47 26 9
47 27 2
47 28 4
47 29 2
47 30 4
47 31 7
47 32 5
47 33 3
47 34 3
47 35 7
47 36 4
47 37 4
47 38 9
47 39 7
47 40 7
47 41 1
47 42 7
47 43 4
47 44 7
47 45 5
47 46 6
47 47 9
47 48 7
47 49 3
47 50 2
47 51 2
47 52 5
47 53 5
47 54 5
47 55 8
47 56 6
47 57 9
47 58 4
47 59 8
47 60 5
47 61 6
47 62 4
47 63 7
47 64 4
47 65 7
47 66 4
47 67 7
47 68 7
47 69 9
47 70 1
47 71 1
47 72 3
47 73 5
47 74 4
47 75 3
47 76 2
47 77 9
47 78 7
47 79 2
47 80 4
47 81 9
47 82 7
47 83 1
47 84 2
47 85 6
47 86 2
47 87 4
47 88 5
47 89 6
47 90 2
47 91 3
47 92 4
47 93 6
47 94 9
47 95 8
47 96 2
47 97 5
47 98 3
47 99 8
47 100 7
48 1 2
48 2 1
48 3 7
48 4 3
48 5 2
48 6 8
48 7 2
48 8 5
48 9 1
48 10 7
48 11 9
48 12 9
48 13 7
48 14 8
48 15 2
48 16 8
48 17 5
48 18 6
48 19 9
48 20 5
48 21 6
48 22 2
48 23 5
48 24 6
48 25 5
48 26 6
48 27 4
48 28 1
48 29 5
48 30 2
48 31 8
48 32 9
48 33 8
48 34 5
48 35 5
48 36 4
48 37 9
48 38 4
48 39 1
48 40 5
48 41 8
48 42 7
48 43 3
48 44 3
48 45 3
48 46 6
48 47 4
48 48 3
48 49 8
48 50 8
48 51 6
48 52 4
48 53 9
48 54 5
48 55 7
48 56 3
48 57 1
48 58 3
48 59 8
48 60 5
48 61 7
48 62 5
48 63 9
48 64 8
48 65 2
48 66 7
48 67 2
48 68 8
48 69 6
48 70 2
48 71 6
48 72 6
48 73 9
48 74 8
48 75 2
48 76 5
48 77 8
48 78 7
48 79 6
48 80 5
48 81 5
48 82 3
48 83 6
48 84 1
48 85 3
48 86 3
48 87 6
48 88 2
48 89 9
48 90 3
48 91 5
48 92 2
48 93 4
48 94 3
48 95 6
48 96 7
48 97 4
48 98 9
48 99 2
48 100 9
49 1 9
49 2 6
49 3 4
49 4 3
49 5 5
49 6 6
49 7 9
49 8 6
49 9 5
49 10 2
49 11 2
49 12 3
49 13 4
49 14 4
49 15 4
49 16 5
49 17 8
49 18 9
49 19 2
49 20 1
49 21 4
49 22 3
49 23 4
49 24 7
49 25 2
49 26 4
49 27 5
49 28 1
49 29 3
49 30 1
49 31 4
49 32 3
49 33 5
49 34 2
49 35 6
49 36 2
49 37 5
49 38 8
49 39 6
49 40 3
49 41 4
49 42 4
49 43 6
49 44 3
49 45 9
49 46 4
49 47 2
49 48 1
49 49 2
49 50 5
49 51 6
49 52 5
49 53 2
49 54 9
49 55 4
49 56 7
49 57 6
49 58 4
49 59 6
49 60 2
49 61 4
49 62 4
49 63 4
49 64 4
49 65 1
49 66 4
49 67 6
49 68 8
49 69 9
49 70 4
49 71 1
49 72 2
49 73 1
49 74 8
49 75 6
49 76 4
49 77 6
49 78 9
49 79 6
49 80 6
49 81 6
49 82 1
49 83 6
49 84 7
49 85 8
49 86 3
49 87 2
49 88 2
49 89 6
49 90 1
49 91 3
49 92 5
49 93 9
49 94 3
49 95 7
49 96 3
49 97 8
49 98 2
49 99 7
49 100 4
50 1 9
50 2 5
50 3 1
50 4 1
50 5 7
50 6 4
50 7 5
50 8 2
50 9 4
50 10 3
50 11 5
50 12 8
50 13 2
50 14 5
50 15 3
50 16 8
50 17 7
50 18 4
50 19 4
50 20 3
50 21 8
50 22 5
50 23 9
50 24 6
50 25 5
50 26 3
50 27 8
50 28 6
50 29 2
50 30 3
50 31 4
50 32 1
50 33 7
50 34 1
50 35 6
50 36 6
50 37 9
50 38 6
50 39 4
50 40 5
50 41 8
50 42 7
50 43 6
50 44 8
50 45 1
50 46 5
50 47 8
50 48 4
50 49 5
50 50 5
50 51 2
50 52 3
50 53 1
50 54 6
50 55 8
50 56 5
50 57 1
50 58 2
50 59 5
50 60 1
50 61 2
50 62 9
50 63 4
50 64 6
50 65 6
50 66 2
50 67 8
50 68 4
50 69 4
50 70 2
50 71 7
50 72 4
50 73 5
50 74 3
50 75 4
50 76 5
50 77 3
50 78 3
50 79 5
50 80 8
50 81 4
50 82 5
50 83 3
50 84 3
50 85 7
50 86 8
50 87 3
50 88 2
50 89 2
50 90 1
50 91 1
50 92 6
50 93 1
50 94 7
50 95 8
50 96 8
50 97 4
50 98 4
50 99 9
50 100 1
51 1 5
51 2 4
51 3 6
51 4 5
51 5 1
51 6 5
51 7 4
51 8 9
51 9 4
51 10 6
51 11 6
51 12 7
51 13 6
51 14 9
51 15 9
51 16 8
51 17 9
51 18 7
51 19 6
51 20 6
51 21 5
51 22 8
51 23 7
51 24 1
51 25 6
51 26 3
51 27 1
51 28 3
51 29 3
51 30 2
51 31 1
51 32 3
51 33 6
51 34 9
51 35 7
51 36 5
51 37 9
51 38 8
51 39 7
51 40 9
51 41 3
51 42 8
51 43 2
51 44 7
51 45 7
51 46 4
51 47 6
51 48 4
51 49 8
51 50 7
51 51 8
51 52 3
51 53 8
51 54 1
51 55 4
51 56 8
51 57 3
51 58 9
51 59 1
51 60 1
51 61 5
51 62 9
51 63 6
51 64 7
51 65 4
51 66 3
51 67 5
51 68 8
51 69 1
51 70 5
51 71 5
51 72 7
51 73 8
51 74 6
51 75 9
51 76 1
51 77 7
51 78 4
51 79 9
51 80 8
51 81 5
51 82 5
51 83 7
51 84 8
51 85 6
51 86 2
51 87 1
51 88 7
51 89 9
51 90 8
51 91 9
51 92 4
51 93 9
51 94 6
51 95 9
51 96 1
51 97 2
51 98 5
51 99 5
51 100 8
52 1 5
52 2 3
52 3 2
52 4 2
52 5 9
52 6 6
52 7 1
52 8 2
52 9 8
52 10 5
52 11 2
52 12 3
52 13 2
52 14 6
52 15 4
52 16 9
52 17 2
52 18 5
52 19 9
52 20 8
52 21 8
52 22 1
52 23 4
52 24 9
52 25 4
52 26 8
52 27 1
52 28 9
52 29 6
52 30 8
52 31 6
52 32 2
52 33 1
52 34 4
52 35 1
52 36 5
52 37 2
52 38 3
52 39 5
52 40 3
52 41 1
52 42 6
52 43 7
52 44 3
52 45 4
52 46 8
52 47 4
52 48 3
52 49 6
52 50 9
52 51 2
52 52 5
52 53 9
52 54 5
52 55 6
52 56 3
52 57 4
52 58 3
52 59 7
52 60 6
52 61 9
52 62 4
52 63 5
52 64 5
52 65 4
52 66 5
52 67 3
52 68 7
52 69 7
52 70 6
52 71 7
52 72 5
52 73 5
52 74 8
52 75 2
52 76 4
52 77 1
52 78 5
52 79 5
52 80 2
52 81 8
52 82 1
52 83 2
52 84 3
52 85 5
52 86 5
52 87 9
52 88 4
52 89 6
52 90 9
52 91 4
52 92 5
52 93 9
52 94 7
52 95 2
52 96 8
52 97 8
52 98 2
52 99 4
52 100 5
53 1 8
53 2 9
53 3 4
53 4 3
53 5 8
53 6 4
53 7 7
53 8 9
53 9 6
53 10 2
53 11 2
53 12 6
53 13 3
53 14 9
53 15 7
53 16 7
53 17 4
53 18 3
53 19 7
53 20 9
53 21 1
53 22 7
53 23 9
53 24 7
53 25 8
53 26 1
53 27 4
53 28 7
53 29 3
53 30 4
53 31 8
53 32 3
53 33 8
53 34 5
53 35 3
53 36 6
53 37 7
53 38 1
53 39 2
53 40 7
53 41 2
53 42 3
53 43 9
53 44 6
53 45 1
53 46 2
53 47 9
53 48 5
53 49 4
53 50 1
53 51 3
53 52 3
53 53 4
53 54 1
53 55 2
53 56 4
53 57 9
53 58 8
53 59 4
53 60 5
53 61 9
53 62 2
53 63 7
53 64 5
53 65 4
53 66 9
53 67 9
53 68 5
53 69 4
53 70 7
53 71 8
53 72 1
53 73 1
53 74 6
53 75 1
53 76 7
53 77 4
53 78 6
53 79 8
53 80 1
53 81 4
53 82 4
53 83 9
53 84 4
53 85 5
53 86 7
53 87 3
53 88 5
53 89 9
53 90 2
53 91 7
53 92 5
53 93 9
53 94 6
53 95 7
53 96 6
53 97 3
53 98 3
53 99 6
53 100 7
54 1 5
54 2 6
54 3 3
54 4 4
54 5 6
54 6 2
54 7 6
54 8 1
54 9 7
54 10 5
54 11 6
54 12 8
54 13 8
54 14 7
54 15 2
54 16 3
54 17 9
54 18 7
54 19 9
54 20 1
54 21 5
54 22 3
54 23 1
54 24 4
54 25 9
54 26 2
54 27 6
54 28 2
54 29 5
54 30 6
54 31 3
54 32 3
54 33 1
54 34 1
54 35 1
54 36 3
54 37 2
54 38 7
54 39 3
54 40 3
54 41 4
54 42 2
54 43 1
54 44 4
54 45 6
54 46 5
54 47 4
54 48 4
54 49 8
54 50 5
54 51 7
54 52 5
54 53 5
54 54 4
54 55 4
54 56 4
54 57 2
54 58 6
54 59 3
54 60 9
54 61 9
54 62 8
54 63 9
54 64 7
54 65 5
54 66 7
54 67 2
54 68 7
54 69 9
54 70 2
54 71 1
54 72 6
54 73 5
54 74 5
54 75 2
54 76 5
54 77 9
54 78 2
54 79 8
54 80 8
54 81 1
54 82 2
54 83 8
54 84 4
54 85 4
54 86 2
54 87 6
54 88 4
54 89 6
54 90 8
54 91 9
54 92 3
54 93 2
54 94 6
54 95 2
54 96 9
54 97 5
54 98 9
54 99 1
54 100 6
55 1 4
55 2 1
55 3 2
55 4 7
55 5 8
55 6 8
55 7 8
55 8 3
55 9 3
55 10 8
55 11 5
55 12 4
55 13 1
55 14 5
55 15 2
55 16 4
55 17 4
55 18 8
55 19 6
55 20 2
55 21 2
55 22 3
55 23 9
55 24 1
55 25 6
55 26 7
55 27 9
55 28 1
55 29 7
55 30 8
55 31 5
55 32 4
55 33 8
55 34 5
55 35 7
55 36 2
55 37 6
55 38 4
55 39 5
55 40 9
55 41 9
55 42 8
55 43 9
55 44 1
55 45 8
55 46 7
55 47 1
55 48 2
55 49 3
55 50 7
55 51 1
55 52 6
55 53 5
55 54 6
55 55 6
55 56 8
55 57 2
55 58 5
55 59 1
55 60 3
55 61 6
55 62 3
55 63 7
55 64 5
55 65 3
55 66 2
55 67 9
55 68 1
55 69 7
55 70 1
55 71 4
55 72 2
55 73 8
55 74 5
55 75 6
55 76 8
55 77 5
55 78 2
55 79 3
55 80 1
55 81 4
55 82 2
55 83 6
55 84 1
55 85 4
55 86 1
55 87 6
55 88 6
55 89 3
55 90 6
55 91 6
55 92 3
55 93 9
55 94 9
55 95 5
55 96 8
55 97 6
55 98 1
55 99 3
55 100 7
56 1 6
56 2 4
56 3 2
56 4 5
56 5 8
56 6 6
56 7 5
56 8 9
56 9 2
56 10 5
56 11 6
56 12 4
56 13 1
56 14 4
56 15 6
56 16 7
56 17 2
56 18 8
56 19 3
56 20 3
56 21 2
56 22 5
56 23 5
56 24 4
56 25 7
56 26 9
56 27 2
56 28 5
56 29 1
56 30 8
56 31 5
56 32 6
56 33 5
56 34 5
56 35 2
56 36 8
56 37 4
56 38 7
56 39 9
56 40 7
56 41 1
56 42 6
56 43 6
56 44 5
56 45 7
56 46 8
56 47 5
56 48 8
56 49 3
56 50 7
56 51 4
56 52 3
56 53 5
56 54 9
56 55 1
56 56 8
56 57 2
56 58 1
56 59 4
56 60 5
56 61 8
56 62 3
56 63 2
56 64 7
56 65 3
56 66 9
56 67 2
56 68 1
56 69 1
56 70 8
56 71 9
56 72 6
56 73 2
56 74 5
56 75 6
56 76 4
56 77 5
56 78 1
56 79 9
56 80 9
56 81 7
56 82 7
56 83 8
56 84 7
56 85 2
56 86 2
56 87 1
56 88 4
56 89 1
56 90 6
56 91 7
56 92 3
56 93 3
56 94 1
56 95 7
56 96 1
56 97 2
56 98 4
56 99 7
56 100 3
57 1 6
57 2 7
57 3 8
57 4 7
57 5 1
57 6 4
57 7 8
57 8 2
57 9 5
57 10 3
57 11 2
57 12 3
57 13 5
57 14 4
57 15 4
57 16 8
57 17 3
57 18 1
57 19 8
57 20 4
57 21 8
57 22 8
57 23 7
57 24 5
57 25 7
57 26 2
57 27 4
57 28 7
57 29 4
57 30 4
57 31 3
57 32 4
57 33 7
57 34 5
57 35 6
57 36 3
57 37 8
57 38 2
57 39 5
57 40 9
57 41 1
57 42 9
57 43 8
57 44 2
57 45 2
57 46 4
57 47 2
57 48 5
57 49 9
57 50 3
57 51 1
57 52 2
57 53 2
57 54 5
57 55 8
57 56 3
57 57 8
57 58 6
57 59 7
57 60 5
57 61 2
57 62 9
57 63 7
57 64 3
57 65 8
57 66 1
57 67 7
57 68 9
57 69 3
57 70 6
57 71 7
57 72 2
57 73 4
57 74 9
57 75 7
57 76 7
57 77 6
57 78 3
57 79 5
57 80 6
57 81 6
57 82 3
57 83 7
57 84 1
57 85 3
57 86 1
57 87 1
57 88 3
57 89 1
57 90 1
57 91 5
57 92 4
57 93 7
57 94 1
57 95 1
57 96 5
57 97 4
57 98 6
57 99 8
57 100 4
58 1 2
58 2 4
58 3 6
58 4 9
58 5 3
58 6 9
58 7 1
58 8 3
58 9 4
58 10 1
58 11 3
58 12 9
58 13 4
58 14 2
58 15 2
58 16 5
58 17 5
58 18 3
58 19 9
58 20 6
58 21 4
58 22 6
58 23 5
58 24 4
58 25 8
58 26 4
58 27 9
58 28 6
58 29 8
58 30 6
58 31 6
58 32 2
58 33 7
58 34 7
58 35 6
58 36 3
58 37 8
58 38 7
58 39 6
58 40 9
58 41 6
58 42 2
58 43 8
58 44 6
58 45 3
58 46 8
58 47 9
58 48 8
58 49 7
58 50 3
58 51 4
58 52 6
58 53 9
58 54 3
58 55 1
58 56 7
58 57 4
58 58 8
58 59 8
58 60 3
58 61 5
58 62 8
58 63 7
58 64 1
58 65 9
58 66 9
58 67 4
58 68 8
58 69 1
58 70 1
58 71 6
58 72 6
58 73 2
58 74 5
58 75 3
58 76 2
58 77 7
58 78 4
58 79 1
58 80 2
58 81 1
58 82 7
58 83 9
58 84 6
58 85 3
58 86 8
58 87 8
58 88 8
58 89 8
58 90 8
58 91 1
58 92 2
58 93 3
58 94 1
58 95 5
58 96 9
58 97 9
58 98 7
58 99 7
58 100 9
59 1 7
59 2 4
59 3 4
59 4 6
59 5 5
59 6 8
59 7 9
59 8 2
59 9 4
59 10 5
59 11 7
59 12 6
59 13 4
59 14 8
59 15 4
59 16 1
59 17 7
59 18 6
59 19 7
59 20 7
59 21 5
59 22 8
59 23 4
59 24 8
59 25 4
59 26 2
59 27 3
59 28 5
59 29 7
59 30 5
59 31 9
59 32 7
59 33 9
59 34 3
59 35 4
59 36 7
59 37 1
59 38 6
59 39 7
59 40 1
59 41 7
59 42 8
59 43 3
59 44 6
59 45 5
59 46 6
59 47 6
59 48 2
59 49 4
59 50 6
59 51 1
59 52 3
59 53 1
59 54 5
59 55 7
59 56 1
59 57 3
59 58 7
59 59 6
59 60 2
59 61 6
59 62 5
59 63 4
59 64 2
59 65 9
59 66 1
59 67 9
59 68 2
59 69 9
59 70 6
59 71 4
59 72 7
59 73 3
59 74 4
59 75 7
59 76 3
59 77 5
59 78 2
59 79 8
59 80 7
59 81 9
59 82 1
59 83 5
59 84 4
59 85 5
59 86 9
59 87 4
59 88 3
59 89 7
59 90 3
59 91 6
59 92 4
59 93 6
59 94 9
59 95 1
59 96 3
59 97 9
59 98 3
59 99 8
59 100 6
60 1 8
60 2 6
60 3 6
60 4 6
60 5 4
60 6 4
60 7 2
60 8 6
60 9 9
60 10 2
60 11 5
60 12 2
60 13 5
60 14 2
60 15 3
60 16 9
60 17 9
60 18 4
60 19 2
60 20 7
60 21 8
60 22 6
60 23 2
60 24 5
60 25 7
60 26 2
60 27 6
60 28 1
60 29 4
60 30 6
60 31 6
60 32 1
60 33 7
60 34 2
60 35 8
60 36 7
60 37 7
60 38 7
60 39 5
60 40 8
60 41 8
60 42 8
60 43 7
60 44 5
60 45 2
60 46 8
60 47 9
60 48 3
60 49 7
60 50 3
60 51 7
60 52 9
60 53 5
60 54 9
60 55 4
60 56 4
60 57 1
60 58 4
60 59 1
60 60 1
60 61 5
60 62 4
60 63 6
60 64 9
60 65 9
60 66 7
60 67 8
60 68 1
60 69 4
60 70 8
60 71 9
60 72 4
60 73 8
60 74 1
60 75 2
60 76 6
60 77 9
60 78 7
60 79 3
60 80 6
60 81 3
60 82 6
60 83 7
60 84 7
60 85 4
60 86 3
60 87 9
60 88 6
60 89 9
60 90 7
60 91 6
60 92 8
60 93 6
60 94 4
60 95 2
60 96 5
60 97 1
60 98 4
60 99 9
60 100 4
61 1 4
61 2 7
61 3 9
61 4 5
61 5 7
61 6 9
61 7 7
61 8 5
61 9 7
61 10 1
61 11 3
61 12 1
61 13 2
61 14 5
61 15 6
61 16 2
61 17 4
61 18 6
61 19 6
61 20 9
61 21 5
61 22 2
61 23 5
61 24 4
61 25 6
61 26 9
61 27 3
61 28 5
61 29 5
61 30 3
61 31 8
61 32 2
61 33 4
61 34 5
61 35 6
61 36 5
61 37 9
61 38 2
61 39 5
61 40 2
61 41 2
61 42 8
61 43 8
61 44 3
61 45 4
61 46 9
61 47 9
61 48 5
61 49 2
61 50 1
61 51 2
61 52 4
61 53 6
61 54 4
61 55 5
61 56 7
61 57 1
61 58 4
61 59 7
61 60 8
61 61 8
61 62 9
61 63 4
61 64 4
61 65 9
61 66 5
61 67 1
61 68 3
61 69 6
61 70 1
61 71 4
61 72 6
61 73 2
61 74 4
61 75 4
61 76 3
61 77 3
61 78 2
61 79 2
61 80 4
61 81 2
61 82 4
61 83 3
61 84 5
61 85 8
61 86 5
61 87 8
61 88 3
61 89 5
61 90 7
61 91 8
61 92 2
61 93 6
61 94 2
61 95 7
61 96 8
61 97 3
61 98 6
61 99 5
61 100 1
62 1 2
62 2 9
62 3 2
62 4 5
62 5 4
62 6 8
62 7 6
62 8 1
62 9 5
62 10 3
62 11 9
62 12 2
62 13 8
62 14 6
62 15 4
62 16 8
62 17 2
62 18 5
62 19 1
62 20 6
62 21 5
62 22 2
62 23 1
62 24 4
62 25 1
62 26 3
62 27 9
62 28 7
62 29 7
62 30 6
62 31 1
62 32 2
62 33 3
62 34 2
62 35 2
62 36 7
62 37 4
62 38 5
62 39 3
62 40 2
62 41 4
62 42 4
62 43 1
62 44 8
62 45 7
62 46 9
62 47 3
62 48 6
62 49 9
62 50 5
62 51 2
62 52 9
62 53 1
62 54 2
62 55 7
62 56 9
62 57 6
62 58 3
62 59 6
62 60 4
62 61 3
62 62 3
62 63 2
62 64 9
62 65 2
62 66 5
62 67 2
62 68 2
62 69 2
62 70 9
62 71 4
62 72 5
62 73 1
62 74 2
62 75 2
62 76 6
62 77 5
62 78 8
62 79 9
62 80 6
62 81 1
62 82 6
62 83 8
62 84 4
62 85 3
62 86 5
62 87 4
62 88 7
62 89 5
62 90 4
62 91 2
62 92 6
62 93 8
62 94 8
62 95 4
62 96 6
62 97 6
62 98 7
62 99 3
62 100 6
63 1 6
63 2 1
63 3 9
63 4 9
63 5 3
63 6 6
63 7 3
63 8 2
63 9 5
63 10 9
63 11 8
63 12 4
63 13 2
63 14 5
63 15 2
63 16 7
63 17 4
63 18 4
63 19 9
63 20 9
63 21 5
63 22 1
63 23 8
63 24 5
63 25 6
63 26 7
63 27 1
63 28 8
63 29 5
63 30 3
63 31 2
63 32 7
63 33 7
63 34 5
63 35 6
63 36 9
63 37 6
63 38 4
63 39 4
63 40 1
63 41 8
63 42 5
63 43 7
63 44 3
63 45 1
63 46 6
63 47 2
63 48 3
63 49 3
63 50 5
63 51 8
63 52 3
63 53 6
63 54 3
63 55 7
63 56 6
63 57 2
63 58 7
63 59 5
63 60 5
63 61 1
63 62 5
63 63 4
63 64 3
63 65 8
63 66 1
63 67 8
63 68 2
63 69 8
63 70 4
63 71 7
63 72 4
63 73 7
63 74 1
63 75 5
63 76 7
63 77 7
63 78 1
63 79 9
63 80 4
63 81 1
63 82 9
63 83 8
63 84 6
63 85 9
63 86 2
63 87 3
63 88 9
63 89 1
63 90 6
63 91 5
63 92 5
63 93 7
63 94 7
63 95 5
63 96 5
63 97 9
63 98 4
63 99 8
63 100 8
64 1 8
64 2 9
64 3 4
64 4 3
64 5 7
64 6 4
64 7 4
64 8 9
64 9 7
64 10 7
64 11 9
64 12 2
64 13 4
64 14 5
64 15 4
64 16 4
64 17 8
64 18 3
64 19 7
64 20 5
64 21 3
64 22 5
64 23 3
64 24 4
64 25 9
64 26 7
64 27 7
64 28 6
64 29 6
64 30 6
64 31 7
64 32 6
64 33 3
64 34 9
64 35 3
64 36 4
64 37 6
64 38 9
64 39 1
64 40 2
64 41 5
64 42 2
64 43 9
64 44 9
64 45 1
64 46 7
64 47 1
64 48 6
64 49 6
64 50 5
64 51 7
64 52 7
64 53 5
64 54 6
64 55 7
64 56 7
64 57 7
64 58 7
64 59 4
64 60 4
64 61 9
64 62 3
64 63 3
64 64 9
64 65 1
64 66 7
64 67 8
64 68 4
64 69 8
64 70 8
64 71 8
64 72 1
64 73 8
64 74 5
64 75 6
64 76 2
64 77 6
64 78 6
64 79 8
64 80 2
64 81 4
64 82 9
64 83 4
64 84 4
64 85 9
64 86 5
64 87 3
64 88 6
64 89 4
64 90 2
64 91 6
64 92 1
64 93 7
64 94 3
64 95 8
64 96 7
64 97 7
64 98 4
64 99 5
64 100 8
65 1 4
65 2 8
65 3 6
65 4 2
65 5 5
65 6 5
65 7 4
65 8 3
65 9 7
65 10 2
65 11 7
65 12 9
65 13 7
65 14 5
65 15 7
65 16 9
65 17 5
65 18 8
65 19 6
65 20 1
65 21 3
65 22 6
65 23 1
65 24 2
65 25 3
65 26 2
65 27 4
65 28 6
65 29 3
65 30 2
65 31 3
65 32 2
65 33 4
65 34 4
65 35 5
65 36 3
65 37 9
65 38 3
65 39 2
65 40 2
65 41 9
65 42 6
65 43 7
65 44 7
65 45 1
65 46 9
65 47 7
65 48 2
65 49 8
65 50 8
65 51 6
65 52 7
65 53 5
65 54 9
65 55 4
65 56 6
65 57 9
65 58 4
65 59 8
65 60 8
65 61 1
65 62 6
65 63 3
65 64 7
65 65 7
65 66 3
65 67 1
65 68 2
65 69 1
65 70 4
65 71 7
65 72 8
65 73 5
65 74 9
65 75 9
65 76 9
65 77 2
65 78 8
65 79 1
65 80 2
65 81 6
65 82 7
65 83 1
65 84 1
65 85 3
65 86 7
65 87 9
65 88 4
65 89 3
65 90 5
65 91 1
65 92 1
65 93 4
65 94 8
65 95 4
65 96 1
65 97 9
65 98 8
65 99 9
65 100 3
66 1 7
66 2 8
66 3 8
66 4 5
66 5 5
66 6 9
66 7 5
66 8 4
66 9 4
66 10 9
66 11 2
66 12 3
66 13 9
66 14 5
66 15 5
66 16 4
66 17 9
66 18 3
66 19 8
66 20 7
66 21 9
66 22 2
66 23 4
66 24 1
66 25 8
66 26 7
66 27 9
66 28 8
66 29 8
66 30 6
66 31 2
66 32 8
66 33 2
66 34 6
66 35 7
66 36 1
66 37 9
66 38 5
66 39 5
66 40 8
66 41 9
66 42 1
66 43 9
66 44 7
66 45 1
66 46 8
66 47 9
66 48 3
66 49 9
66 50 5
66 51 4
66 52 9
66 53 4
66 54 9
66 55 1
66 56 6
66 57 5
66 58 5
66 59 7
66 60 3
66 61 6
66 62 9
66 63 2
66 64 7
66 65 9
66 66 3
66 67 1
66 68 6
66 69 7
66 70 6
66 71 2
66 72 6
66 73 3
66 74 1
66 75 1
66 76 9
66 77 4
66 78 6
66 79 8
66 80 4
66 81 5
66 82 3
66 83 1
66 84 9
66 85 7
66 86 4
66 87 7
66 88 6
66 89 4
66 90 2
66 91 5
66 92 5
66 93 4
66 94 7
66 95 1
66 96 4
66 97 6
66 98 4
66 99 1
66 100 2
67 1 6
67 2 9
67 3 5
67 4 2
67 5 5
67 6 4
67 7 3
67 8 4
67 9 1
67 10 6
67 11 5
67 12 6
67 13 5
67 14 4
67 15 9
67 16 5
67 17 4
67 18 4
67 19 7
67 20 7
67 21 7
67 22 3
67 23 5
67 24 6
67 25 8
67 26 8
67 27 9
67 28 2
67 29 9
67 30 9
67 31 8
67 32 8
67 33 7
67 34 8
67 35 5
67 36 9
67 37 2
67 38 1
67 39 2
67 40 2
67 41 8
67 42 7
67 43 3
67 44 4
67 45 4
67 46 4
67 47 4
67 48 5
67 49 9
67 50 6
67 51 5
67 52 9
67 53 9
67 54 2
67 55 3
67 56 2
67 57 8
67 58 4
67 59 2
67 60 7
67 61 7
67 62 8
67 63 6
67 64 2
67 65 4
67 66 7
67 67 4
67 68 1
67 69 6
67 70 5
67 71 9
67 72 4
67 73 5
67 74 3
67 75 9
67 76 3
67 77 7
67 78 3
67 79 8
67 80 7
67 81 5
67 82 8
67 83 6
67 84 1
67 85 7
67 86 1
67 87 8
67 88 9
67 89 7
67 90 3
67 91 9
67 92 3
67 93 3
67 94 7
67 95 2
67 96 5
67 97 3
67 98 5
67 99 6
67 100 2
68 1 9
68 2 6
68 3 8
68 4 1
68 5 3
68 6 6
68 7 5
68 8 8
68 9 2
68 10 9
68 11 8
68 12 6
68 13 6
68 14 3
68 15 7
68 16 9
68 17 4
68 18 5
68 19 7
68 20 6
68 21 3
68 22 3
68 23 4
68 24 7
68 25 7
68 26 3
68 27 5
68 28 7
68 29 1
68 30 4
68 31 1
68 32 9
68 33 8
68 34 3
68 35 7
68 36 8
68 37 8
68 38 8
68 39 4
68 40 4
68 41 1
68 42 7
68 43 8
68 44 1
68 45 1
68 46 1
68 47 5
68 48 5
68 49 9
68 50 9
68 51 7
68 52 1
68 53 1
68 54 4
68 55 4
68 56 3
68 57 1
68 58 8
68 59 5
68 60 4
68 61 9
68 62 8
68 63 1
68 64 6
68 65 3
68 66 4
68 67 6
68 68 9
68 69 7
68 70 6
68 71 8
68 72 3
68 73 5
68 74 4
68 75 4
68 76 1
68 77 9
68 78 4
68 79 3
68 80 3
68 81 5
68 82 4
68 83 1
68 84 9
68 85 5
68 86 7
68 87 2
68 88 5
68 89 6
68 90 4
68 91 5
68 92 2
68 93 7
68 94 9
68 95 3
68 96 1
68 97 2
68 98 1
68 99 4
68 100 5
69 1 7
69 2 7
69 3 3
69 4 6
69 5 9
69 6 2
69 7 3
69 8 5
69 9 3
69 10 1
69 11 7
69 12 1
69 13 3
69 14 5
69 15 1
69 16 6
69 17 4
69 18 1
69 19 5
69 20 6
69 21 3
69 22 4
69 23 3
69 24 9
69 25 3
69 26 6
69 27 5
69 28 3
69 29 7
69 30 3
69 31 4
69 32 6
69 33 5
69 34 2
69 35 5
69 36 7
69 37 1
69 38 3
69 39 7
69 40 9
69 41 2
69 42 3
69 43 9
69 44 4
69 45 5
69 46 9
69 47 2
69 48 6
69 49 9
69 50 8
69 51 9
69 52 6
69 53 7
69 54 7
69 55 5
69 56 2
69 57 3
69 58 1
69 59 4
69 60 7
69 61 6
69 62 4
69 63 5
69 64 4
69 65 9
69 66 1
69 67 2
69 68 6
69 69 7
69 70 9
69 71 1
69 72 4
69 73 1
69 74 4
69 75 4
69 76 4
69 77 2
69 78 9
69 79 5
69 80 7
69 81 6
69 82 7
69 83 3
69 84 6
69 85 5
69 86 8
69 87 4
69 88 7
69 89 5
69 90 5
69 91 9
69 92 1
69 93 5
69 94 2
69 95 9
69 96 5
69 97 9
69 98 4
69 99 4
69 100 4
70 1 7
70 2 3
70 3 2
70 4 8
70 5 8
70 6 4
70 7 6
70 8 1
70 9 4
70 10 3
70 11 9
70 12 7
70 13 8
70 14 8
70 15 1
70 16 7
70 17 2
70 18 5
70 19 5
70 20 5
70 21 8
70 22 4
70 23 3
70 24 6
70 25 9
70 26 4
70 27 1
70 28 9
70 29 8
70 30 7
70 31 9
70 32 8
70 33 7
70 34 4
70 35 7
70 36 6
70 37 3
70 38 4
70 39 5
70 40 1
70 41 9
70 42 9
70 43 7
70 44 3
70 45 9
70 46 2
70 47 9
70 48 6
70 49 9
70 50 8
70 51 1
70 52 6
70 53 2
70 54 3
70 55 1
70 56 9
70 57 9
70 58 2
70 59 7
70 60 6
70 61 3
70 62 8
70 63 2
70 64 9
70 65 2
70 66 9
70 67 6
70 68 8
70 69 3
70 70 7
70 71 9
70 72 8
70 73 3
70 74 4
70 75 4
70 76 2
70 77 4
70 78 1
70 79 1
70 80 4
70 81 8
70 82 3
70 83 9
70 84 4
70 85 2
70 86 7
70 87 3
70 88 6
70 89 2
70 90 8
70 91 5
70 92 2
70 93 4
70 94 7
70 95 1
70 96 7
70 97 4
70 98 4
70 99 5
70 100 2
71 1 6
71 2 5
71 3 9
71 4 2
71 5 7
71 6 4
71 7 2
71 8 9
71 9 3
71 10 6
71 11 5
71 12 5
71 13 4
71 14 2
71 15 5
71 16 1
71 17 4
71 18 7
71 19 2
71 20 4
71 21 4
71 22 7
71 23 7
71 24 7
71 25 6
71 26 2
71 27 7
71 28 3
71 29 6
71 30 8
71 31 8
71 32 3
71 33 9
71 34 8
71 35 1
71 36 3
71 37 3
71 38 8
71 39 6
71 40 4
71 41 6
71 42 3
71 43 8
71 44 6
71 45 2
71 46 2
71 47 6
71 48 4
71 49 8
71 50 4
71 51 6
71 52 4
71 53 8
71 54 6
71 55 7
71 56 3
71 57 5
71 58 3
71 59 5
71 60 5
71 61 3
71 62 3
71 63 8
71 64 7
71 65 7
71 66 1
71 67 3
71 68 9
71 69 8
71 70 5
71 71 4
71 72 3
71 73 3
71 74 8
71 75 3
71 76 3
71 77 7
71 78 6
71 79 2
71 80 2
71 81 9
71 82 1
71 83 1
71 84 4
71 85 3
71 86 1
71 87 1
71 88 5
71 89 6
71 90 4
71 91 6
71 92 2
71 93 3
71 94 4
71 95 4
71 96 2
71 97 7
71 98 5
71 99 9
71 100 4
72 1 4
72 2 4
72 3 3
72 4 1
72 5 6
72 6 5
72 7 1
72 8 4
72 9 8
72 10 2
72 11 2
72 12 1
72 13 3
72 14 3
72 15 4
72 16 5
72 17 3
72 18 2
72 19 2
72 20 4
72 21 7
72 22 9
72 23 4
72 24 9
72 25 3
72 26 1
72 27 2
72 28 1
72 29 6
72 30 1
72 31 3
72 32 6
72 33 7
72 34 3
72 35 3
72 36 8
72 37 7
72 38 5
72 39 2
72 40 3
72 41 5
72 42 9
72 43 1
72 44 1
72 45 2
72 46 8
72 47 1
72 48 5
72 49 4
72 50 1
72 51 8
72 52 5
72 53 7
72 54 9
72 55 5
72 56 8
72 57 3
72 58 4
72 59 4
72 60 5
72 61 6
72 62 7
72 63 6
72 64 7
72 65 6
72 66 4
72 67 1
72 68 2
72 69 9
72 70 7
72 71 3
72 72 3
72 73 7
72 74 6
72 75 5
72 76 7
72 77 4
72 78 7
72 79 4
72 80 6
72 81 1
72 82 1
72 83 7
72 84 1
72 85 5
72 86 7
72 87 5
72 88 7
72 89 4
72 90 9
72 91 3
72 92 4
72 93 8
72 94 6
72 95 5
72 96 4
72 97 4
72 98 6
72 99 6
72 100 5
73 1 5
73 2 7
73 3 3
73 4 1
73 5 2
73 6 9
73 7 9
73 8 3
73 9 7
73 10 9
73 11 8
73 12 7
73 13 3
73 14 8
73 15 5
73 16 7
73 17 9
73 18 8
73 19 7
73 20 2
73 21 5
73 22 6
73 23 6
73 24 1
73 25 8
73 26 4
73 27 6
73 28 7
73 29 9
73 30 4
73 31 8
73 32 8
73 33 4
73 34 5
73 35 7
73 36 8
73 37 1
73 38 8
73 39 5
73 40 1
73 41 4
73 42 7
73 43 5
73 44 1
73 45 8
73 46 4
73 47 2
73 48 9
73 49 4
73 50 9
73 51 8
73 52 7
73 53 2
73 54 2
73 55 2
73 56 1
73 57 1
73 58 9
73 59 3
73 60 6
73 61 2
73 62 9
73 63 6
73 64 2
73 65 7
73 66 7
73 67 5
73 68 1
73 69 6
73 70 6
73 71 3
73 72 8
73 73 2
73 74 6
73 75 9
73 76 3
73 77 9
73 78 5
73 79 5
73 80 7
73 81 2
73 82 2
73 83 7
73 84 1
73 85 9
73 86 9
73 87 6
73 88 8
73 89 3
73 90 9
73 91 7
73 92 1
73 93 6
73 94 8
73 95 4
73 96 6
73 97 1
73 98 7
73 99 9
73 100 9
74 1 4
74 2 9
74 3 1
74 4 6
74 5 7
74 6 9
74 7 5
74 8 6
74 9 2
74 10 3
74 11 4
74 12 4
74 13 7
74 14 4
74 15 6
74 16 2
74 17 1
74 18 7
74 19 2
74 20 8
74 21 2
74 22 1
74 23 3
74 24 5
74 25 2
74 26 8
74 27 1
74 28 5
74 29 3
74 30 1
74 31 5
74 32 6
74 33 6
74 34 2
74 35 5
74 36 2
74 37 9
74 38 1
74 39 6
74 40 5
74 41 5
74 42 3
74 43 5
74 44 9
74 45 2
74 46 3
74 47 9
74 48 7
74 49 3
74 50 3
74 51 1
74 52 5
74 53 4
74 54 4
74 55 6
74 56 8
74 57 8
74 58 4
74 59 8
74 60 1
74 61 8
74 62 4
74 63 2
74 64 4
74 65 1
74 66 3
74 67 2
74 68 6
74 69 8
74 70 9
74 71 9
74 72 2
74 73 8
74 74 4
74 75 5
74 76 6
74 77 8
74 78 3
74 79 8
74 80 9
74 81 6
74 82 4
74 83 8
74 84 6
74 85 3
74 86 3
74 87 8
74 88 1
74 89 5
74 90 7
74 91 8
74 92 5
74 93 6
74 94 7
74 95 7
74 96 8
74 97 4
74 98 6
74 99 8
74 100 5
75 1 3
75 2 2
75 3 2
75 4 4
75 5 3
75 6 9
75 7 4
75 8 9
75 9 6
75 10 8
75 11 1
75 12 1
75 13 3
75 14 5
75 15 1
75 16 4
75 17 5
75 18 2
75 19 2
75 20 5
75 21 3
75 22 6
75 23 4
75 24 9
75 25 2
75 26 5
75 27 8
75 28 2
75 29 4
75 30 9
75 31 8
75 32 2
75 33 4
75 34 8
75 35 2
75 36 6
75 37 8
75 38 1
75 39 9
75 40 3
75 41 9
75 42 7
75 43 7
75 44 7
75 45 3
75 46 6
75 47 1
75 48 7
75 49 4
75 50 1
75 51 3
75 52 6
75 53 8
75 54 5
75 55 7
75 56 3
75 57 9
75 58 7
75 59 4
75 60 4
75 61 2
75 62 8
75 63 5
75 64 4
75 65 2
75 66 3
75 67 2
75 68 8
75 69 8
75 70 3
75 71 1
75 72 9
75 73 5
75 74 4
75 75 8
75 76 2
75 77 2
75 78 5
75 79 9
75 80 5
75 81 3
75 82 5
75 83 6
75 84 3
75 85 9
75 86 4
75 87 8
75 88 1
75 89 5
75 90 9
75 91 3
75 92 4
75 93 9
75 94 2
75 95 7
75 96 8
75 97 3
75 98 5
75 99 5
75 100 4
76 1 2
76 2 2
76 3 4
76 4 5
76 5 6
76 6 2
76 7 6
76 8 5
76 9 8
76 10 2
76 11 8
76 12 5
76 13 7
76 14 5
76 15 6
76 16 2
76 17 4
76 18 4
76 19 1
76 20 5
76 21 9
76 22 3
76 23 1
76 24 4
76 25 9
76 26 4
76 27 9
76 28 3
76 29 4
76 30 6
76 31 7
76 32 8
76 33 5
76 34 7
76 35 8
76 36 3
76 37 1
76 38 7
76 39 1
76 40 2
76 41 2
76 42 7
76 43 2
76 44 6
76 45 2
76 46 1
76 47 7
76 48 3
76 49 3
76 50 9
76 51 7
76 52 6
76 53 5
76 54 1
76 55 5
76 56 3
76 57 1
76 58 8
76 59 4
76 60 9
76 61 2
76 62 3
76 63 3
76 64 6
76 65 1
76 66 3
76 67 1
76 68 1
76 69 7
76 70 7
76 71 9
76 72 5
76 73 8
76 74 6
76 75 6
76 76 7
76 77 8
76 78 1
76 79 3
76 80 6
76 81 4
76 82 5
76 83 6
76 84 7
76 85 5
76 86 3
76 87 3
76 88 7
76 89 2
76 90 1
76 91 1
76 92 8
76 93 5
76 94 7
76 95 7
76 96 7
76 97 8
76 98 8
76 99 2
76 100 8
77 1 2
77 2 9
77 3 5
77 4 1
77 5 9
77 6 6
77 7 9
77 8 2
77 9 4
77 10 2
77 11 4
77 12 2
77 13 6
77 14 5
77 15 3
77 16 3
77 17 8
77 18 8
77 19 4
77 20 8
77 21 8
77 22 1
77 23 1
77 24 1
77 25 2
77 26 9
77 27 7
77 28 8
77 29 3
77 30 9
77 31 3
77 32 2
77 33 6
77 34 2
77 35 5
77 36 7
77 37 2
77 38 9
77 39 9
77 40 8
77 41 1
77 42 8
77 43 8
77 44 4
77 45 5
77 46 6
77 47 4
77 48 1
77 49 6
77 50 4
77 51 3
77 52 9
77 53 8
77 54 1
77 55 7
77 56 9
77 57 2
77 58 1
77 59 1
77 60 2
77 61 2
77 62 3
77 63 5
77 64 9
77 65 9
77 66 1
77 67 1
77 68 9
77 69 4
77 70 1
77 71 9
77 72 8
77 73 1
77 74 7
77 75 6
77 76 6
77 77 9
77 78 5
77 79 6
77 80 9
77 81 7
77 82 4
77 83 7
77 84 4
77 85 1
77 86 1
77 87 5
77 88 6
77 89 6
77 90 2
77 91 7
77 92 3
77 93 1
77 94 8
77 95 3
77 96 1
77 97 2
77 98 7
77 99 8
77 100 2
78 1 2
78 2 2
78 3 8
78 4 6
78 5 2
78 6 2
78 7 8
78 8 4
78 9 7
78 10 6
78 11 5
78 12 1
78 13 7
78 14 4
78 15 3
78 16 5
78 17 3
78 18 2
78 19 3
78 20 9
78 21 6
78 22 3
78 23 2
78 24 5
78 25 6
78 26 1
78 27 5
78 28 6
78 29 8
78 30 6
78 31 8
78 32 4
78 33 8
78 34 9
78 35 7
78 36 7
78 37 1
78 38 5
78 39 7
78 40 7
78 41 5
78 42 5
78 43 9
78 44 5
78 45 7
78 46 6
78 47 2
78 48 8
78 49 1
78 50 9
78 51 4
78 52 1
78 53 5
78 54 4
78 55 8
78 56 2
78 57 9
78 58 4
78 59 5
78 60 6
78 61 9
78 62 3
78 63 7
78 64 7
78 65 3
78 66 5
78 67 2
78 68 9
78 69 7
78 70 2
78 71 1
78 72 5
78 73 3
78 74 1
78 75 8
78 76 4
78 77 9
78 78 9
78 79 9
78 80 1
78 81 8
78 82 3
78 83 5
78 84 6
78 85 5
78 86 2
78 87 2
78 88 7
78 89 8
78 90 1
78 91 9
78 92 8
78 93 9
78 94 1
78 95 3
78 96 3
78 97 3
78 98 1
78 99 8
78 100 8
79 1 4
79 2 5
79 3 2
79 4 8
79 5 4
79 6 8
79 7 1
79 8 1
79 9 3
79 10 5
79 11 7
79 12 2
79 13 1
79 14 1
79 15 9
79 16 2
79 17 1
79 18 2
79 19 7
79 20 4
79 21 2
79 22 8
79 23 2
79 24 8
79 25 2
79 26 2
79 27 5
79 28 6
79 29 2
79 30 9
79 31 9
79 32 4
79 33 3
79 34 6
79 35 7
79 36 2
79 37 7
79 38 2
79 39 3
79 40 9
79 41 9
79 42 7
79 43 8
79 44 3
79 45 7
79 46 4
79 47 8
79 48 6
79 49 6
79 50 6
79 51 6
79 52 3
79 53 5
79 54 4
79 55 1
79 56 7
79 57 9
79 58 6
79 59 9
79 60 4
79 61 6
79 62 1
79 63 1
79 64 3
79 65 9
79 66 6
79 67 4
79 68 7
79 69 8
79 70 1
79 71 9
79 72 8
79 73 6
79 74 8
79 75 4
79 76 2
79 77 6
79 78 3
79 79 6
79 80 1
79 81 2
79 82 3
79 83 2
79 84 5
79 85 2
79 86 6
79 87 6
79 88 4
79 89 1
79 90 2
79 91 6
79 92 7
79 93 4
79 94 9
79 95 9
79 96 3
79 97 3
79 98 8
79 99 5
79 100 4
80 1 6
80 2 5
80 3 8
80 4 3
80 5 6
80 6 9
80 7 7
80 8 7
80 9 6
80 10 7
80 11 3
80 12 1
80 13 3
80 14 4
80 15 8
80 16 3
80 17 7
80 18 6
80 19 9
80 20 6
80 21 2
80 22 9
80 23 7
80 24 2
80 25 5
80 26 7
80 27 8
80 28 9
80 29 3
80 30 7
80 31 8
80 32 3
80 33 4
80 34 2
80 35 6
80 36 8
80 37 5
80 38 4
80 39 4
80 40 5
80 41 2
80 42 2
80 43 9
80 44 5
80 45 8
80 46 5
80 47 3
80 48 5
80 49 1
80 50 4
80 51 5
80 52 6
80 53 7
80 54 4
80 55 7
80 56 6
80 57 1
80 58 4
80 59 5
80 60 9
80 61 1
80 62 4
80 63 6
80 64 5
80 65 7
80 66 4
80 67 7
80 68 1
80 69 8
80 70 5
80 71 6
80 72 4
80 73 4
80 74 2
80 75 9
80 76 1
80 77 2
80 78 1
80 79 7
80 80 3
80 81 2
80 82 6
80 83 5
80 84 8
80 85 2
80 86 7
80 87 1
80 88 2
80 89 7
80 90 8
80 91 2
80 92 5
80 93 1
80 94 4
80 95 3
80 96 4
80 97 7
80 98 1
80 99 7
80 100 3
81 1 9
81 2 3
81 3 3
81 4 2
81 5 6
81 6 3
81 7 8
81 8 5
81 9 4
81 10 6
81 11 4
81 12 5
81 13 6
81 14 5
81 15 8
81 16 3
81 17 2
81 18 1
81 19 6
81 20 4
81 21 5
81 22 9
81 23 7
81 24 6
81 25 6
81 26 3
81 27 5
81 28 8
81 29 5
81 30 1
81 31 7
81 32 1
81 33 1
81 34 6
81 35 9
81 36 6
81 37 3
81 38 3
81 39 6
81 40 8
81 41 4
81 42 6
81 43 1
81 44 6
81 45 1
81 46 6
81 47 5
81 48 4
81 49 7
81 50 7
81 51 4
81 52 6
81 53 8
81 54 1
81 55 2
81 56 2
81 57 7
81 58 5
81 59 7
81 60 7
81 61 9
81 62 4
81 63 2
81 64 2
81 65 6
81 66 5
81 67 8
81 68 7
81 69 7
81 70 1
81 71 9
81 72 4
81 73 1
81 74 7
81 75 2
81 76 3
81 77 9
81 78 3
81 79 7
81 80 4
81 81 3
81 82 7
81 83 2
81 84 8
81 85 5
81 86 7
81 87 5
81 88 9
81 89 2
81 90 9
81 91 3
81 92 9
81 93 7
81 94 7
81 95 7
81 96 4
81 97 5
81 98 4
81 99 6
81 100 2
82 1 7
82 2 6
82 3 3
82 4 7
82 5 5
82 6 4
82 7 6
82 8 6
82 9 3
82 10 2
82 11 7
82 12 6
82 13 6
82 14 3
82 15 1
82 16 9
82 17 8
82 18 4
82 19 2
82 20 1
82 21 9
82 22 2
82 23 3
82 24 9
82 25 9
82 26 5
82 27 4
82 28 7
82 29 7
82 30 7
82 31 7
82 32 7
82 33 6
82 34 1
82 35 4
82 36 8
82 37 4
82 38 4
82 39 5
82 40 3
82 41 4
82 42 3
82 43 8
82 44 2
82 45 7
82 46 9
82 47 6
82 48 8
82 49 9
82 50 6
82 51 1
82 52 4
82 53 1
82 54 6
82 55 7
82 56 6
82 57 2
82 58 3
82 59 8
82 60 3
82 61 4
82 62 9
82 63 7
82 64 3
82 65 7
82 66 9
82 67 1
82 68 9
82 69 1
82 70 8
82 71 4
82 72 3
82 73 4
82 74 1
82 75 3
82 76 9
82 77 8
82 78 9
82 79 1
82 80 8
82 81 7
82 82 7
82 83 7
82 84 1
82 85 7
82 86 5
82 87 8
82 88 5
82 89 3
82 90 4
82 91 1
82 92 3
82 93 2
82 94 2
82 95 2
82 96 3
82 97 2
82 98 9
82 99 9
82 100 3
83 1 9
83 2 7
83 3 6
83 4 3
83 5 9
83 6 3
83 7 5
83 8 8
83 9 6
83 10 6
83 11 6
83 12 7
83 13 9
83 14 4
83 15 2
83 16 2
83 17 4
83 18 2
83 19 4
83 20 3
83 21 1
83 22 3
83 23 8
83 24 9
83 25 5
83 26 9
83 27 8
83 28 1
83 29 8
83 30 2
83 31 6
83 32 1
83 33 4
83 34 6
83 35 9
83 36 5
83 37 3
83 38 3
83 39 9
83 40 4
83 41 7
83 42 8
83 43 3
83 44 1
83 45 7
83 46 3
83 47 6
83 48 8
83 49 9
83 50 1
83 51 7
83 52 6
83 53 3
83 54 5
83 55 6
83 56 2
83 57 5
83 58 5
83 59 2
83 60 5
83 61 7
83 62 7
83 63 1
83 64 2
83 65 3
83 66 9
83 67 4
83 68 4
83 69 4
83 70 5
83 71 3
83 72 5
83 73 1
83 74 5
83 75 5
83 76 2
83 77 8
83 78 9
83 79 2
83 80 8
83 81 8
83 82 1
83 83 2
83 84 1
83 85 4
83 86 4
83 87 9
83 88 8
83 89 9
83 90 2
83 91 8
83 92 1
83 93 2
83 94 4
83 95 8
83 96 2
83 97 9
83 98 3
83 99 9
83 100 5
84 1 3
84 2 1
84 3 1
84 4 1
84 5 2
84 6 5
84 7 9
84 8 8
84 9 8
84 10 9
84 11 9
84 12 5
84 13 3
84 14 9
84 15 9
84 16 3
84 17 9
84 18 2
84 19 2
84 20 8
84 21 7
84 22 9
84 23 7
84 24 4
84 25 8
84 26 5
84 27 1
84 28 2
84 29 6
84 30 9
84 31 8
84 32 6
84 33 9
84 34 4
84 35 1
84 36 5
84 37 3
84 38 2
84 39 6
84 40 7
84 41 6
84 42 9
84 43 6
84 44 8
84 45 1
84 46 6
84 47 4
84 48 9
84 49 6
84 50 6
84 51 5
84 52 5
84 53 8
84 54 1
84 55 1
84 56 1
84 57 8
84 58 9
84 59 7
84 60 2
84 61 8
84 62 2
84 63 6
84 64 6
84 65 4
84 66 7
84 67 9
84 68 2
84 69 4
84 70 5
84 71 9
84 72 1
84 73 4
84 74 2
84 75 6
84 76 7
84 77 4
84 78 1
84 79 5
84 80 9
84 81 7
84 82 7
84 83 8
84 84 4
84 85 4
84 86 7
84 87 8
84 88 7
84 89 2
84 90 9
84 91 5
84 92 9
84 93 5
84 94 6
84 95 3
84 96 2
84 97 3
84 98 2
84 99 4
84 100 5
85 1 3
85 2 7
85 3 5
85 4 5
85 5 9
85 6 1
85 7 2
85 8 3
85 9 9
85 10 7
85 11 5
85 12 7
85 13 8
85 14 9
85 15 8
85 16 2
85 17 2
85 18 1
85 19 1
85 20 2
85 21 9
85 22 1
85 23 3
85 24 5
85 25 2
85 26 9
85 27 2
85 28 3
85 29 1
85 30 8
85 31 2
85 32 8
85 33 1
85 34 7
85 35 3
85 36 9
85 37 8
85 38 5
85 39 9
85 40 8
85 41 2
85 42 7
85 43 6
85 44 1
85 45 7
85 46 3
85 47 5
85 48 2
85 49 2
85 50 6
85 51 6
85 52 1
85 53 8
85 54 4
85 55 8
85 56 8
85 57 8
85 58 4
85 59 7
85 60 3
85 61 6
85 62 1
85 63 4
85 64 6
85 65 8
85 66 9
85 67 5
85 68 3
85 69 2
85 70 2
85 71 2
85 72 6
85 73 3
85 74 5
85 75 1
85 76 9
85 77 2
85 78 6
85 79 1
85 80 8
85 81 8
85 82 5
85 83 4
85 84 8
85 85 9
85 86 3
85 87 9
85 88 9
85 89 7
85 90 9
85 91 9
85 92 6
85 93 5
85 94 6
85 95 7
85 96 8
85 97 9
85 98 7
85 99 7
85 100 8
86 1 6
86 2 3
86 3 7
86 4 9
86 5 1
86 6 4
86 7 4
86 8 3
86 9 9
86 10 9
86 11 1
86 12 9
86 13 6
86 14 3
86 15 1
86 16 5
86 17 2
86 18 7
86 19 7
86 20 7
86 21 2
86 22 8
86 23 7
86 24 2
86 25 7
86 26 5
86 27 8
86 28 8
86 29 8
86 30 4
86 31 3
86 32 8
86 33 6
86 34 4
86 35 6
86 36 5
86 37 4
86 38 8
86 39 8
86 40 6
86 41 8
86 42 2
86 43 9
86 44 8
86 45 8
86 46 8
86 47 2
86 48 5
86 49 7
86 50 1
86 51 1
86 52 6
86 53 3
86 54 7
86 55 1
86 56 4
86 57 7
86 58 8
86 59 5
86 60 4
86 61 7
86 62 1
86 63 1
86 64 8
86 65 5
86 66 4
86 67 2
86 68 8
86 69 3
86 70 1
86 71 9
86 72 9
86 73 6
86 74 8
86 75 1
86 76 9
86 77 9
86 78 1
86 79 7
86 80 4
86 81 6
86 82 3
86 83 4
86 84 1
86 85 8
86 86 9
86 87 5
86 88 8
86 89 9
86 90 3
86 91 7
86 92 2
86 93 4
86 94 8
86 95 1
86 96 9
86 97 5
86 98 2
86 99 9
86 100 9
87 1 9
87 2 7
87 3 3
87 4 5
87 5 1
87 6 4
87 7 9
87 8 8
87 9 3
87 10 5
87 11 5
87 12 7
87 13 1
87 14 2
87 15 2
87 16 1
87 17 2
87 18 9
87 19 4
87 20 2
87 21 9
87 22 9
87 23 8
87 24 3
87 25 4
87 26 9
87 27 1
87 28 4
87 29 1
87 30 4
87 31 9
87 32 2
87 33 5
87 34 8
87 35 9
87 36 1
87 37 4
87 38 4
87 39 3
87 40 3
87 41 3
87 42 7
87 43 5
87 44 4
87 45 3
87 46 3
87 47 7
87 48 2
87 49 6
87 50 8
87 51 4
87 52 6
87 53 6
87 54 9
87 55 7
87 56 4
87 57 1
87 58 9
87 59 4
87 60 5
87 61 7
87 62 2
87 63 4
87 64 1
87 65 8
87 66 9
87 67 4
87 68 7
87 69 9
87 70 2
87 71 5
87 72 8
87 73 2
87 74 2
87 75 3
87 76 1
87 77 1
87 78 9
87 79 5
87 80 1
87 81 3
87 82 8
87 83 6
87 84 2
87 85 7
87 86 6
87 87 5
87 88 1
87 89 9
87 90 5
87 91 4
87 92 6
87 93 1
87 94 4
87 95 7
87 96 4
87 97 6
87 98 6
87 99 7
87 100 7
88 1 5
88 2 4
88 3 6
88 4 7
88 5 2
88 6 6
88 7 7
88 8 5
88 9 3
88 10 1
88 11 1
88 12 5
88 13 4
88 14 1
88 15 3
88 16 1
88 17 1
88 18 2
88 19 4
88 20 7
88 21 2
88 22 9
88 23 5
88 24 5
88 25 8
88 26 9
88 27 1
88 28 8
88 29 7
88 30 7
88 31 1
88 32 1
88 33 4
88 34 7
88 35 2
88 36 4
88 37 4
88 38 2
88 39 1
88 40 2
88 41 2
88 42 2
88 43 6
88 44 5
88 45 5
88 46 4
88 47 3
88 48 9
88 49 9
88 50 9
88 51 1
88 52 9
88 53 6
88 54 4
88 55 9
88 56 5
88 57 5
88 58 5
88 59 2
88 60 2
88 61 1
88 62 5
88 63 2
88 64 2
88 65 8
88 66 3
88 67 2
88 68 4
88 69 9
88 70 8
88 71 7
88 72 7
88 73 6
88 74 5
88 75 9
88 76 8
88 77 6
88 78 3
88 79 2
88 80 4
88 81 9
88 82 3
88 83 3
88 84 7
88 85 2
88 86 1
88 87 4
88 88 8
88 89 7
88 90 5
88 91 2
88 92 8
88 93 9
88 94 7
88 95 6
88 96 2
88 97 4
88 98 6
88 99 8
88 100 3
89 1 4
89 2 7
89 3 1
89 4 8
89 5 6
89 6 8
89 7 3
89 8 6
89 9 6
89 10 7
89 11 4
89 12 6
89 13 4
89 14 5
89 15 4
89 16 4
89 17 8
89 18 4
89 19 4
89 20 3
89 21 6
89 22 2
89 23 6
89 24 2
89 25 4
89 26 4
89 27 1
89 28 5
89 29 5
89 30 7
89 31 9
89 32 8
89 33 3
89 34 1
89 35 7
89 36 6
89 37 7
89 38 4
89 39 4
89 40 2
89 41 1
89 42 6
89 43 5
89 44 8
89 45 7
89 46 8
89 47 8
89 48 8
89 49 1
89 50 8
89 51 1
89 52 9
89 53 1
89 54 3
89 55 6
89 56 7
89 57 8
89 58 7
89 59 2
89 60 3
89 61 7
89 62 5
89 63 7
89 64 1
89 65 4
89 66 1
89 67 1
89 68 6
89 69 5
89 70 6
89 71 9
89 72 8
89 73 4
89 74 6
89 75 1
89 76 6
89 77 5
89 78 3
89 79 8
89 80 2
89 81 6
89 82 1
89 83 4
89 84 1
89 85 4
89 86 7
89 87 2
89 88 6
89 89 5
89 90 9
89 91 1
89 92 4
89 93 4
89 94 8
89 95 3
89 96 2
89 97 5
89 98 2
89 99 9
89 100 4
90 1 5
90 2 9
90 3 3
90 4 8
90 5 3
90 6 7
90 7 5
90 8 2
90 9 7
90 10 1
90 11 4
90 12 4
90 13 6
90 14 6
90 15 5
90 16 4
90 17 5
90 18 4
90 19 9
90 20 8
90 21 6
90 22 6
90 23 3
90 24 4
90 25 9
90 26 2
90 27 1
90 28 8
90 29 6
90 30 5
90 31 5
90 32 6
90 33 6
90 34 3
90 35 7
90 36 8
90 37 5
90 38 3
90 39 1
90 40 6
90 41 1
90 42 8
90 43 4
90 44 4
90 45 3
90 46 7
90 47 9
90 48 5
90 49 1
90 50 9
90 51 3
90 52 5
90 53 3
90 54 2
90 55 1
90 56 1
90 57 3
90 58 5
90 59 5
90 60 7
90 61 1
90 62 4
90 63 7
90 64 5
90 65 9
90 66 8
90 67 4
90 68 7
90 69 9
90 70 9
90 71 8
90 72 8
90 73 2
90 74 7
90 75 2
90 76 3
90 77 1
90 78 6
90 79 8
90 80 1
90 81 5
90 82 9
90 83 9
90 84 3
90 85 2
90 86 1
90 87 2
90 88 2
90 89 4
90 90 2
90 91 7
90 92 4
90 93 5
90 94 6
90 95 1
90 96 8
90 97 3
90 98 3
90 99 4
90 100 7
91 1 1
91 2 6
91 3 1
91 4 4
91 5 4
91 6 4
91 7 6
91 8 7
91 9 6
91 10 4
91 11 7
91 12 2
91 13 5
91 14 3
91 15 2
91 16 3
91 17 5
91 18 6
91 19 6
91 20 9
91 21 7
91 22 2
91 23 8
91 24 7
91 25 7
91 26 6
91 27 4
91 28 1
91 29 2
91 30 9
91 31 8
91 32 3
91 33 1
91 34 5
91 35 9
91 36 6
91 37 8
91 38 8
91 39 6
91 40 6
91 41 7
91 42 9
91 43 5
91 44 1
91 45 7
91 46 6
91 47 6
91 48 9
91 49 7
91 50 5
91 51 3
91 52 8
91 53 4
91 54 7
91 55 6
91 56 8
91 57 7
91 58 8
91 59 6
91 60 5
91 61 7
91 62 3
91 63 6
91 64 6
91 65 2
91 66 8
91 67 7
91 68 2
91 69 4
91 70 3
91 71 7
91 72 1
91 73 9
91 74 8
91 75 5
91 76 6
91 77 2
91 78 3
91 79 2
91 80 9
91 81 2
91 82 6
91 83 1
91 84 4
91 85 3
91 86 9
91 87 3
91 88 9
91 89 4
91 90 9
91 91 9
91 92 3
91 93 8
91 94 8
91 95 4
91 96 4
91 97 4
91 98 2
91 99 3
91 100 2
92 1 9
92 2 6
92 3 9
92 4 9
92 5 3
92 6 4
92 7 9
92 8 9
92 9 4
92 10 9
92 11 4
92 12 2
92 13 9
92 14 9
92 15 6
92 16 3
92 17 4
92 18 2
92 19 6
92 20 9
92 21 3
92 22 4
92 23 4
92 24 7
92 25 9
92 26 9
92 27 7
92 28 5
92 29 3
92 30 6
92 31 8
92 32 5
92 33 3
92 34 4
92 35 8
92 36 2
92 37 3
92 38 5
92 39 7
92 40 7
92 41 9
92 42 3
92 43 7
92 44 9
92 45 2
92 46 3
92 47 5
92 48 6
92 49 7
92 50 8
92 51 2
92 52 1
92 53 3
92 54 7
92 55 5
92 56 9
92 57 1
92 58 5
92 59 7
92 60 9
92 61 9
92 62 3
92 63 1
92 64 1
92 65 3
92 66 2
92 67 3
92 68 6
92 69 9
92 70 8
92 71 3
92 72 2
92 73 4
92 74 6
92 75 8
92 76 8
92 77 5
92 78 2
92 79 2
92 80 2
92 81 6
92 82 8
92 83 1
92 84 6
92 85 1
92 86 8
92 87 2
92 88 1
92 89 4
92 90 7
92 91 6
92 92 6
92 93 2
92 94 6
92 95 4
92 96 1
92 97 4
92 98 8
92 99 8
92 100 4
93 1 4
93 2 5
93 3 5
93 4 3
93 5 7
93 6 3
93 7 4
93 8 1
93 9 8
93 10 6
93 11 4
93 12 9
93 13 9
93 14 8
93 15 8
93 16 6
93 17 6
93 18 8
93 19 5
93 20 5
93 21 1
93 22 1
93 23 9
93 24 7
93 25 8
93 26 5
93 27 6
93 28 9
93 29 8
93 30 3
93 31 1
93 32 4
93 33 6
93 34 5
93 35 4
93 36 3
93 37 7
93 38 7
93 39 7
93 40 4
93 41 8
93 42 8
93 43 1
93 44 5
93 45 2
93 46 3
93 47 1
93 48 9
93 49 7
93 50 6
93 51 9
93 52 4
93 53 6
93 54 6
93 55 4
93 56 3
93 57 6
93 58 8
93 59 6
93 60 2
93 61 3
93 62 3
93 63 4
93 64 8
93 65 4
93 66 3
93 67 9
93 68 7
93 69 5
93 70 1
93 71 6
93 72 9
93 73 7
93 74 8
93 75 1
93 76 7
93 77 4
93 78 5
93 79 4
93 80 2
93 81 3
93 82 9
93 83 7
93 84 1
93 85 5
93 86 3
93 87 5
93 88 3
93 89 4
93 90 1
93 91 2
93 92 7
93 93 4
93 94 3
93 95 4
93 96 1
93 97 5
93 98 2
93 99 9
93 100 5
94 1 8
94 2 5
94 3 1
94 4 3
94 5 1
94 6 1
94 7 7
94 8 2
94 9 7
94 10 3
94 11 1
94 12 4
94 13 6
94 14 2
94 15 9
94 16 1
94 17 9
94 18 2
94 19 8
94 20 8
94 21 5
94 22 8
94 23 7
94 24 8
94 25 8
94 26 1
94 27 3
94 28 7
94 29 9
94 30 9
94 31 6
94 32 7
94 33 5
94 34 5
94 35 4
94 36 4
94 37 7
94 38 5
94 39 7
94 40 6
94 41 3
94 42 1
94 43 4
94 44 6
94 45 8
94 46 2
94 47 4
94 48 9
94 49 2
94 50 4
94 51 1
94 52 9
94 53 4
94 54 9
94 55 5
94 56 9
94 57 2
94 58 1
94 59 4
94 60 4
94 61 1
94 62 5
94 63 8
94 64 1
94 65 6
94 66 9
94 67 7
94 68 1
94 69 1
94 70 7
94 71 5
94 72 9
94 73 9
94 74 1
94 75 5
94 76 5
94 77 4
94 78 7
94 79 9
94 80 3
94 81 1
94 82 3
94 83 3
94 84 4
94 85 6
94 86 6
94 87 5
94 88 5
94 89 7
94 90 1
94 91 1
94 92 3
94 93 1
94 94 6
94 95 3
94 96 4
94 97 5
94 98 4
94 99 7
94 100 3
95 1 8
95 2 5
95 3 5
95 4 7
95 5 6
95 6 4
95 7 5
95 8 7
95 9 8
95 10 5
95 11 4
95 12 7
95 13 2
95 14 2
95 15 8
95 16 6
95 17 9
95 18 9
95 19 1
95 20 9
95 21 5
95 22 4
95 23 6
95 24 7
95 25 8
95 26 9
95 27 5
95 28 6
95 29 6
95 30 9
95 31 5
95 32 9
95 33 6
95 34 5
95 35 8
95 36 3
95 37 7
95 38 8
95 39 3
95 40 4
95 41 9
95 42 7
95 43 5
95 44 7
95 45 3
95 46 8
95 47 4
95 48 5
95 49 3
95 50 6
95 51 7
95 52 2
95 53 4
95 54 4
95 55 6
95 56 4
95 57 1
95 58 8
95 59 9
95 60 4
95 61 4
95 62 7
95 63 4
95 64 2
95 65 6
95 66 7
95 67 1
95 68 8
95 69 5
95 70 7
95 71 5
95 72 7
95 73 1
95 74 7
95 75 6
95 76 1
95 77 4
95 78 4
95 79 8
95 80 2
95 81 7
95 82 4
95 83 3
95 84 9
95 85 8
95 86 7
95 87 9
95 88 7
95 89 4
95 90 6
95 91 6
95 92 6
95 93 3
95 94 1
95 95 7
95 96 8
95 97 3
95 98 8
95 99 3
95 100 6
96 1 2
96 2 7
96 3 8
96 4 5
96 5 9
96 6 9
96 7 6
96 8 4
96 9 1
96 10 4
96 11 5
96 12 9
96 13 9
96 14 7
96 15 4
96 16 5
96 17 3
96 18 4
96 19 4
96 20 4
96 21 3
96 22 3
96 23 2
96 24 7
96 25 4
96 26 9
96 27 9
96 28 1
96 29 2
96 30 7
96 31 3
96 32 4
96 33 4
96 34 5
96 35 8
96 36 4
96 37 4
96 38 3
96 39 2
96 40 8
96 41 4
96 42 2
96 43 6
96 44 6
96 45 5
96 46 3
96 47 2
96 48 3
96 49 6
96 50 5
96 51 6
96 52 3
96 53 9
96 54 7
96 55 6
96 56 3
96 57 9
96 58 2
96 59 8
96 60 1
96 61 1
96 62 2
96 63 1
96 64 8
96 65 4
96 66 2
96 67 7
96 68 2
96 69 7
96 70 1
96 71 3
96 72 4
96 73 6
96 74 2
96 75 4
96 76 6
96 77 8
96 78 4
96 79 5
96 80 4
96 81 7
96 82 4
96 83 3
96 84 3
96 85 4
96 86 6
96 87 5
96 88 9
96 89 4
96 90 5
96 91 6
96 92 7
96 93 2
96 94 7
96 95 7
96 96 3
96 97 8
96 98 7
96 99 6
96 100 1
97 1 5
97 2 6
97 3 6
97 4 8
97 5 4
97 6 9
97 7 1
97 8 4
97 9 9
97 10 6
97 11 3
97 12 8
97 13 7
97 14 3
97 15 4
97 16 3
97 17 7
97 18 5
97 19 5
97 20 8
97 21 4
97 22 7
97 23 6
97 24 3
97 25 4
97 26 3
97 27 9
97 28 3
97 29 7
97 30 7
97 31 2
97 32 9
97 33 5
97 34 2
97 35 1
97 36 4
97 37 8
97 38 3
97 39 1
97 40 1
97 41 6
97 42 9
97 43 5
97 44 3
97 45 5
97 46 2
97 47 5
97 48 6
97 49 9
97 50 2
97 51 4
97 52 4
97 53 9
97 54 9
97 55 4
97 56 9
97 57 4
97 58 1
97 59 9
97 60 2
97 61 4
97 62 5
97 63 4
97 64 4
97 65 6
97 66 2
97 67 2
97 68 3
97 69 5
97 70 2
97 71 8
97 72 4
97 73 4
97 74 2
97 75 1
97 76 6
97 77 5
97 78 3
97 79 3
97 80 2
97 81 8
97 82 8
97 83 9
97 84 4
97 85 3
97 86 8
97 87 7
97 88 8
97 89 4
97 90 2
97 91 1
97 92 1
97 93 5
97 94 7
97 95 8
97 96 4
97 97 4
97 98 1
97 99 1
97 100 4
98 1 4
98 2 2
98 3 7
98 4 1
98 5 1
98 6 7
98 7 4
98 8 7
98 9 3
98 10 7
98 11 3
98 12 7
98 13 1
98 14 4
98 15 2
98 16 9
98 17 7
98 18 2
98 19 9
98 20 5
98 21 6
98 22 4
98 23 3
98 24 6
98 25 6
98 26 1
98 27 7
98 28 1
98 29 4
98 30 8
98 31 1
98 32 9
98 33 3
98 34 4
98 35 5
98 36 7
98 37 8
98 38 8
98 39 8
98 40 5
98 41 5
98 42 1
98 43 1
98 44 9
98 45 1
98 46 3
98 47 4
98 48 6
98 49 4
98 50 8
98 51 1
98 52 9
98 53 5
98 54 5
98 55 5
98 56 4
98 57 3
98 58 7
98 59 2
98 60 3
98 61 3
98 62 5
98 63 6
98 64 8
98 65 2
98 66 5
98 67 5
98 68 5
98 69 3
98 70 3
98 71 2
98 72 4
98 73 3
98 74 5
98 75 9
98 76 8
98 77 5
98 78 7
98 79 9
98 80 5
98 81 7
98 82 4
98 83 6
98 84 8
98 85 3
98 86 5
98 87 8
98 88 6
98 89 2
98 90 7
98 91 6
98 92 6
98 93 5
98 94 5
98 95 3
98 96 9
98 97 6
98 98 9
98 99 2
98 100 8
99 1 4
99 2 5
99 3 5
99 4 3
99 5 9
99 6 3
99 7 1
99 8 3
99 9 1
99 10 2
99 11 9
99 12 9
99 13 9
99 14 9
99 15 4
99 16 7
99 17 6
99 18 4
99 19 5
99 20 1
99 21 9
99 22 9
99 23 7
99 24 4
99 25 4
99 26 4
99 27 4
99 28 8
99 29 7
99 30 1
99 31 4
99 32 2
99 33 9
99 34 5
99 35 4
99 36 8
99 37 4
99 38 8
99 39 6
99 40 4
99 41 6
99 42 8
99 43 4
99 44 9
99 45 1
99 46 8
99 47 3
99 48 6
99 49 4
99 50 6
99 51 8
99 52 4
99 53 8
99 54 7
99 55 6
99 56 2
99 57 1
99 58 3
99 59 7
99 60 6
99 61 7
99 62 8
99 63 8
99 64 5
99 65 2
99 66 2
99 67 3
99 68 2
99 69 3
99 70 6
99 71 2
99 72 1
99 73 5
99 74 7
99 75 9
99 76 5
99 77 5
99 78 9
99 79 9
99 80 8
99 81 1
99 82 1
99 83 3
99 84 9
99 85 4
99 86 9
99 87 2
99 88 6
99 89 7
99 90 4
99 91 3
99 92 4
99 93 1
99 94 4
99 95 9
99 96 3
99 97 6
99 98 6
99 99 8
99 100 6
100 1 3
100 2 3
100 3 7
100 4 7
100 5 9
100 6 1
100 7 6
100 8 1
100 9 6
100 10 2
100 11 1
100 12 5
100 13 4
100 14 5
100 15 9
100 16 8
100 17 7
100 18 7
100 19 7
100 20 6
100 21 6
100 22 2
100 23 7
100 24 2
100 25 7
100 26 8
100 27 3
100 28 9
100 29 4
100 30 1
100 31 1
100 32 5
100 33 5
100 34 7
100 35 6
100 36 9
100 37 9
100 38 3
100 39 4
100 40 1
100 41 2
100 42 9
100 43 6
100 44 7
100 45 7
100 46 8
100 47 3
100 48 2
100 49 5
100 50 5
100 51 1
100 52 2
100 53 5
100 54 2
100 55 4
100 56 3
100 57 1
100 58 9
100 59 6
100 60 2
100 61 6
100 62 1
100 63 1
100 64 2
100 65 8
100 66 7
100 67 9
100 68 5
100 69 2
100 70 1
100 71 8
100 72 9
100 73 9
100 74 4
100 75 3
100 76 8
100 77 5
100 78 6
100 79 7
100 80 2
100 81 2
100 82 2
100 83 5
100 84 4
100 85 3
100 86 6
100 87 4
100 88 6
100 89 8
100 90 5
100 91 9
100 92 5
100 93 1
100 94 2
100 95 4
100 96 8
100 97 2
100 98 9
100 99 7
100 100 5
