100
100
10000

1 1 3
1 2 6
1 3 2
1 4 1
1 5 9
1 6 2
1 7 7
1 8 3
1 9 1
1 10 9
1 11 3
1 12 5
1 13 6
1 14 5
1 15 7
1 16 3
1 17 1
1 18 2
1 19 3
1 20 1
1 21 4
1 22 5
1 23 8
1 24 9
1 25 1
1 26 4
1 27 1
1 28 1
1 29 2
1 30 8
1 31 4
1 32 1
1 33 5
1 34 9
1 35 4
1 36 3
1 37 2
1 38 1
1 39 4
1 40 1
1 41 1
1 42 4
1 43 9
1 44 4
1 45 6
1 46 2
1 47 9
1 48 2
1 49 4
1 50 3
1 51 3
1 52 2
1 53 7
1 54 7
1 55 2
1 56 7
1 57 5
1 58 7
1 59 3
1 60 5
1 61 4
1 62 7
1 63 1
1 64 6
1 65 5
1 66 4
1 67 4
1 68 5
1 69 4
1 70 5
1 71 8
1 72 3
1 73 5
1 74 9
1 75 5
1 76 1
1 77 9
1 78 5
1 79 3
1 80 8
1 81 4
1 82 2
1 83 7
1 84 3
1 85 1
1 86 8
1 87 6
1 88 7
1 89 2
1 90 3
1 91 9
1 92 5
1 93 6
1 94 5
1 95 7
1 96 6
1 97 5
1 98 7
1 99 9
1 100 3
2 1 2
2 2 7
2 3 1
2 4 8
2 5 7
2 6 1
2 7 2
2 8 8
2 9 1
2 10 6
2 11 1
2 12 4
2 13 4
2 14 8
2 15 6
2 16 4
2 17 7
2 18 3
2 19 2
2 20 6
2 21 4
2 22 3
2 23 1
2 24 4
2 25 4
2 26 2
2 27 2
2 28 4
2 29 7
2 30 3
2 31 3
2 32 6
2 33 5
2 34 4
2 35 6
2 36 1
2 37 1
2 38 4
2 39 1
2 40 5
2 41 1
2 42 5
2 43 5
2 44 3
2 45 1
2 46 7
2 47 8
2 48 9
2 49 7
2 50 2
2 51 2
2 52 1
2 53 6
2 54 3
2 55 1
2 56 2
2 57 1
2 58 9
2 59 8
2 60 6
2 61 2
2 62 1
2 63 9
2 64 1
2 65 6
2 66 9
2 67 3
2 68 6
2 69 1
2 70 3
2 71 6
2 72 2
2 73 2
2 74 9
2 75 1
2 76 5
2 77 1
2 78 1
2 79 1
2 80 6
2 81 5
2 82 9
2 83 1
2 84 7
2 85 3
2 86 2
2 87 4
2 88 3
2 89 2
2 90 7
2 91 4
2 92 4
2 93 1
2 94 8
2 95 5
2 96 4
2 97 7
2 98 2
2 99 1
2 100 5
3 1 9
3 2 4
3 3 7
3 4 4
3 5 9
3 6 8
3 7 6
3 8 3
3 9 6
3 10 1
3 11 7
3 12 4
3 13 2
3 14 7
3 15 3
3 16 9
3 17 4
3 18 6
3 19 4
3 20 7
3 21 1
3 22 3
3 23 3
3 24 7
3 25 4
3 26 7
3 27 9
3 28 7
3 29 5
3 30 7
3 31 7
3 32 6
3 33 7
3 34 5
3 35 1
3 36 7
3 37 9
3 38 3
3 39 7
3 40 6
3 41 2
3 42 8
3 43 8
3 44 5
3 45 3
3 46 2
3 47 7
3 48 5
3 49 2
3 50 2
3 51 7
3 52 3
3 53 1
3 54 8
3 55 3
3 56 9
3 57 4
3 58 7
3 59 1
3 60 7
3 61 8
3 62 4
3 63 1
3 64 1
3 65 7
3 66 6
3 67 4
3 68 5
3 69 7
3 70 5
3 71 4
3 72 9
3 73 1
3 74 6
3 75 9
3 76 1
3 77 1
3 78 7
3 79 8
3 80 3
3 81 3
3 82 9
3 83 7
3 84 6
3 85 4
3 86 5
3 87 7
3 88 4
3 89 2
3 90 1
3 91 7
3 92 7
3 93 9
3 94 5
3 95 7
3 96 5
3 97 8
3 98 1
3 99 8
3 100 2
4 1 9
4 2 2
4 3 5
4 4 2
4 5 2
4 6 4
4 7 4
4 8 3
4 9 3
4 10 7
4 11 4
4 12 6
4 13 7
4 14 7
4 15 6
4 16 3
4 17 4
4 18 5
4 19 1
4 20 5
4 21 6
4 22 2
4 23 7
4 24 8
4 25 5
4 26 2
4 27 3
4 28 2
4 29 2
4 30 9
4 31 2
4 32 1
4 33 7
4 34 4
4 35 2
4 36 2
4 37 7
4 38 7
4 39 7
4 40 4
4 41 7
4 42 6
4 43 1
4 44 3
4 45 7
4 46 5
4 47 7
4 48 6
4 49 7
4 50 6
4 51 7
4 52 9
4 53 9
4 54 5
4 55 3
4 56 4
4 57 6
4 58 5
4 59 2
4 60 9
4 61 2
4 62 6
4 63 3
4 64 4
4 65 7
4 66 3
4 67 8
4 68 1
4 69 2
4 70 7
4 71 8
4 72 9
4 73 5
4 74 2
4 75 6
4 76 1
4 77 3
4 78 8
4 79 7
4 80 2
4 81 4
4 82 6
4 83 3
4 84 9
4 85 7
4 86 6
4 87 9
4 88 5
4 89 3
4 90 3
4 91 8
4 92 2
4 93 1
4 94 5
4 95 4
4 96 2
4 97 2
4 98 5
4 99 9
4 100 3
5 1 3
5 2 6
5 3 3
5 4 3
5 5 9
5 6 5
5 7 5
5 8 3
5 9 5
5 10 5
5 11 5
5 12 7
5 13 8
5 14 1
5 15 1
5 16 6
5 17 5
5 18 8
5 19 5
5 20 1
5 21 4
5 22 4
5 23 2
5 24 2
5 25 9
5 26 6
5 27 2
5 28 6
5 29 7
5 30 4
5 31 4
5 32 7
5 33 8
5 34 1
5 35 1
5 36 1
5 37 9
5 38 1
5 39 8
5 40 2
5 41 6
5 42 2
5 43 3
5 44 7
5 45 9
5 46 8
5 47 7
5 48 1
5 49 5
5 50 1
5 51 1
5 52 1
5 53 4
5 54 9
5 55 2
5 56 1
5 57 2
5 58 7
5 59 1
5 60 8
5 61 6
5 62 1
5 63 6
5 64 2
5 65 1
5 66 9
5 67 3
5 68 1
5 69 1
5 70 1
5 71 6
5 72 3
5 73 8
5 74 4
5 75 1
5 76 3
5 77 8
5 78 7
5 79 4
5 80 4
5 81 6
5 82 3
5 83 7
5 84 9
5 85 8
5 86 9
5 87 6
5 88 8
5 89 5
5 90 3
5 91 6
5 92 4
5 93 9
5 94 9
5 95 7
5 96 8
5 97 2
5 98 8
5 99 7
5 100 7
6 1 6
6 2 8
6 3 1
6 4 1
6 5 7
6 6 8
6 7 8
6 8 8
6 9 3
6 10 4
6 11 4
6 12 9
6 13 3
6 14 3
6 15 4
6 16 4
6 17 6
6 18 5
6 19 4
6 20 2
6 21 2
6 22 7
6 23 6
6 24 8
6 25 5
6 26 9
6 27 4
6 28 1
6 29 5
6 30 9
6 31 1
6 32 3
6 33 1
6 34 6
6 35 3
6 36 9
6 37 3
6 38 4
6 39 3
6 40 9
6 41 7
6 42 1
6 43 6
6 44 2
6 45 3
6 46 1
6 47 1
6 48 5
6 49 4
6 50 5
6 51 5
6 52 6
6 53 1
6 54 9
6 55 6
6 56 4
6 57 6
6 58 3
6 59 7
6 60 5
6 61 2
6 62 8
6 63 8
6 64 5
6 65 2
6 66 2
6 67 3
6 68 7
6 69 8
6 70 1
6 71 1
6 72 9
6 73 9
6 74 2
6 75 6
6 76 5
6 77 2
6 78 1
6 79 5
6 80 5
6 81 2
6 82 7
6 83 7
6 84 4
6 85 5
6 86 1
6 87 1
6 88 5
6 89 4
6 90 8
6 91 2
6 92 2
6 93 6
6 94 2
6 95 8
6 96 9
6 97 4
6 98 8
6 99 7
6 100 1
7 1 6
7 2 1
7 3 6
7 4 8
7 5 1
7 6 8
7 7 1
7 8 9
7 9 2
7 10 2
7 11 5
7 12 2
7 13 5
7 14 2
7 15 3
7 16 7
7 17 8
7 18 6
7 19 7
7 20 5
7 21 7
7 22 2
7 23 8
7 24 1
7 25 2
7 26 5
7 27 4
7 28 6
7 29 5
7 30 6
7 31 9
7 32 4
7 33 6
7 34 8
7 35 1
7 36 8
7 37 2
7 38 7
7 39 2
7 40 5
7 41 2
7 42 1
7 43 9
7 44 1
7 45 4
7 46 1
7 47 3
7 48 7
7 49 8
7 50 9
7 51 6
7 52 1
7 53 6
7 54 2
7 55 1
7 56 8
7 57 3
7 58 8
7 59 6
7 60 3
7 61 8
7 62 4
7 63 2
7 64 4
7 65 6
7 66 5
7 67 2
7 68 9
7 69 9
7 70 1
7 71 8
7 72 3
7 73 9
7 74 4
7 75 6
7 76 8
7 77 6
7 78 5
7 79 9
7 80 6
7 81 8
7 82 8
7 83 3
7 84 8
7 85 9
7 86 2
7 87 8
7 88 6
7 89 7
7 90 2
7 91 2
7 92 8
7 93 7
7 94 5
7 95 2
7 96 6
7 97 1
7 98 5
7 99 4
7 100 3
8 1 5
8 2 2
8 3 8
8 4 7
8 5 7
8 6 7
8 7 6
8 8 2
8 9 4
8 10 8
8 11 5
8 12 7
8 13 8
8 14 5
8 15 4
8 16 9
8 17 7
8 18 5
8 19 9
8 20 6
8 21 8
8 22 1
8 23 4
8 24 5
8 25 4
8 26 8
8 27 3
8 28 4
8 29 6
8 30 2
8 31 2
8 32 9
8 33 3
8 34 9
8 35 2
8 36 6
8 37 9
8 38 6
8 39 2
8 40 4
8 41 4
8 42 2
8 43 3
8 44 4
8 45 5
8 46 5
8 47 8
8 48 6
8 49 3
8 50 4
8 51 8
8 52 8
8 53 7
8 54 3
8 55 7
8 56 1
8 57 1
8 58 1
8 59 7
8 60 8
8 61 1
8 62 2
8 63 2
8 64 7
8 65 1
8 66 7
8 67 6
8 68 6
8 69 7
8 70 8
8 71 4
8 72 5
8 73 8
8 74 7
8 75 3
8 76 3
8 77 1
8 78 1
8 79 7
8 80 1
8 81 7
8 82 4
8 83 9
8 84 6
8 85 3
8 86 5
8 87 3
8 88 2
8 89 5
8 90 5
8 91 3
8 92 7
8 93 4
8 94 7
8 95 9
8 96 2
8 97 7
8 98 7
8 99 4
8 100 6
9 1 3
9 2 2
9 3 7
9 4 3
9 5 2
9 6 6
9 7 3
9 8 9
9 9 9
9 10 2
9 11 9
9 12 8
9 13 8
9 14 9
9 15 5
9 16 7
9 17 5
9 18 1
9 19 4
9 20 6
9 21 9
9 22 1
9 23 9
9 24 5
9 25 5
9 26 5
9 27 4
9 28 6
9 29 4
9 30 1
9 31 2
9 32 6
9 33 9
9 34 6
9 35 4
9 36 5
9 37 9
9 38 9
9 39 7
9 40 9
9 41 3
9 42 1
9 43 7
9 44 8
9 45 8
9 46 9
9 47 6
9 48 7
9 49 1
9 50 2
9 51 1
9 52 8
9 53 7
9 54 2
9 55 7
9 56 7
9 57 2
9 58 2
9 59 3
9 60 8
9 61 8
9 62 4
9 63 8
9 64 5
9 65 3
9 66 1
9 67 8
9 68 3
9 69 3
9 70 6
9 71 1
9 72 3
9 73 9
9 74 2
9 75 2
9 76 7
9 77 5
9 78 5
9 79 9
9 80 6
9 81 4
9 82 9
9 83 9
9 84 9
9 85 9
9 86 5
9 87 6
9 88 8
9 89 3
9 90 3
9 91 3
9 92 9
9 93 9
9 94 5
9 95 4
9 96 6
9 97 2
9 98 8
9 99 6
9 100 9
10 1 6
10 2 7
10 3 7
10 4 9
10 5 8
10 6 3
10 7 4
10 8 1
10 9 5
10 10 5
10 11 4
10 12 1
10 13 9
10 14 6
10 15 7
10 16 5
10 17 8
10 18 8
10 19 7
10 20 8
10 21 7
10 22 3
10 23 9
10 24 5
10 25 7
10 26 6
10 27 3
10 28 1
10 29 6
10 30 2
10 31 4
10 32 7
10 33 7
10 34 2
10 35 2
10 36 1
10 37 2
10 38 2
10 39 4
10 40 1
10 41 7
10 42 9
10 43 2
10 44 4
10 45 4
10 46 8
10 47 8
10 48 6
10 49 8
10 50 5
10 51 1
10 52 7
10 53 4
10 54 1
10 55 9
10 56 9
10 57 3
10 58 5
10 59 5
10 60 4
10 61 9
10 62 6
10 63 4
10 64 5
10 65 2
10 66 3
10 67 1
10 68 7
10 69 6
10 70 4
10 71 2
10 72 9
10 73 6
10 74 5
10 75 1
10 76 1
10 77 5
10 78 9
10 79 7
10 80 3
10 81 3
10 82 4
10 83 3
10 84 6
10 85 2
10 86 8
10 87 7
10 88 4
10 89 7
10 90 4
10 91 1
10 92 1
10 93 2
10 94 7
10 95 9
10 96 6
10 97 6
10 98 5
10 99 5
10 100 2
11 1 5
11 2 5
11 3 6
11 4 9
11 5 8
11 6 4
11 7 1
11 8 4
11 9 3
11 10 5
11 11 9
11 12 5
11 13 7
11 14 5
11 15 7
11 16 2
11 17 7
11 18 7
11 19 6
11 20 2
11 21 3
11 22 7
11 23 9
11 24 1
11 25 9
11 26 4
11 27 7
11 28 8
11 29 5
11 30 8
11 31 3
11 32 1
11 33 3
11 34 8
11 35 7
11 36 5
11 37 5
11 38 6
11 39 5
11 40 2
11 41 4
11 42 6
11 43 8
11 44 2
11 45 7
11 46 8
11 47 8
11 48 7
11 49 4
11 50 3
11 51 8
11 52 7
11 53 4
11 54 4
11 55 8
11 56 9
11 57 9
11 58 4
11 59 9
11 60 9
11 61 4
11 62 6
11 63 3
11 64 1
11 65 7
11 66 6
11 67 5
11 68 8
11 69 6
11 70 6
11 71 2
11 72 3
11 73 1
11 74 9
11 75 2
11 76 5
11 77 6
11 78 5
11 79 7
11 80 6
11 81 9
11 82 6
11 83 5
11 84 3
11 85 9
11 86 5
11 87 1
11 88 3
11 89 2
11 90 4
11 91 9
11 92 1
11 93 2
11 94 6
11 95 6
11 96 4
11 97 2
11 98 9
11 99 8
11 100 7
12 1 8
12 2 8
12 3 4
12 4 8
12 5 2
12 6 1
12 7 4
12 8 5
12 9 9
12 10 6
12 11 1
12 12 2
12 13 1
12 14 2
12 15 9
12 16 9
12 17 4
12 18 7
12 19 8
12 20 8
12 21 3
12 22 6
12 23 6
12 24 9
12 25 8
12 26 1
12 27 4
12 28 2
12 29 7
12 30 9
12 31 9
12 32 4
12 33 3
12 34 6
12 35 4
12 36 2
12 37 5
12 38 8
12 39 7
12 40 6
12 41 2
12 42 5
12 43 3
12 44 7
12 45 5
12 46 3
12 47 2
12 48 1
12 49 7
12 50 9
12 51 7
12 52 8
12 53 4
12 54 3
12 55 5
12 56 1
12 57 9
12 58 2
12 59 8
12 60 1
12 61 4
12 62 1
12 63 7
12 64 8
12 65 8
12 66 1
12 67 5
12 68 7
12 69 5
12 70 1
12 71 4
12 72 5
12 73 9
12 74 2
12 75 3
12 76 4
12 77 8
12 78 3
12 79 3
12 80 1
12 81 1
12 82 4
12 83 1
12 84 9
12 85 6
12 86 2
12 87 4
12 88 4
12 89 5
12 90 2
12 91 6
12 92 5
12 93 1
12 94 5
12 95 5
12 96 9
12 97 4
12 98 3
12 99 8
12 100 5
13 1 1
13 2 9
13 3 7
13 4 6
13 5 9
13 6 1
13 7 4
13 8 3
13 9 3
13 10 8
13 11 9
13 12 3
13 13 3
13 14 7
13 15 2
13 16 6
13 17 1
13 18 5
13 19 6
13 20 1
13 21 5
13 22 4
13 23 4
13 24 4
13 25 7
13 26 8
13 27 9
13 28 8
13 29 9
13 30 8
13 31 7
13 32 2
13 33 4
13 34 2
13 35 8
13 36 3
13 37 3
13 38 6
13 39 3
13 40 3
13 41 5
13 42 7
13 43 2
13 44 6
13 45 7
13 46 6
13 47 3
13 48 5
13 49 9
13 50 1
13 51 4
13 52 5
13 53 4
13 54 6
13 55 7
13 56 2
13 57 2
13 58 6
13 59 1
13 60 5
13 61 4
13 62 3
13 63 5
13 64 9
13 65 1
13 66 9
13 67 1
13 68 3
13 69 6
13 70 3
13 71 2
13 72 1
13 73 3
13 74 8
13 75 4
13 76 1
13 77 2
13 78 2
13 79 2
13 80 9
13 81 3
13 82 8
13 83 5
13 84 9
13 85 8
13 86 3
13 87 3
13 88 9
13 89 2
13 90 3
13 91 5
13 92 3
13 93 4
13 94 6
13 95 4
13 96 2
13 97 9
13 98 6
13 99 8
13 100 8
14 1 6
14 2 7
14 3 4
14 4 2
14 5 6
14 6 6
14 7 5
14 8 6
14 9 2
14 10 8
14 11 2
14 12 2
14 13 5
14 14 2
14 15 9
14 16 9
14 17 3
14 18 5
14 19 9
14 20 5
14 21 7
14 22 7
14 23 1
14 24 3
14 25 5
14 26 1
14 27 6
14 28 5
14 29 2
14 30 1
14 31 6
14 32 5
14 33 6
14 34 6
14 35 5
14 36 4
14 37 8
14 38 8
14 39 5
14 40 2
14 41 8
14 42 3
14 43 4
14 44 2
14 45 1
14 46 8
14 47 1
14 48 1
14 49 7
14 50 5
14 51 7
14 52 7
14 53 8
14 54 9
14 55 1
14 56 2
14 57 3
14 58 1
14 59 1
14 60 5
14 61 8
14 62 4
14 63 3
14 64 3
14 65 6
14 66 2
14 67 9
14 68 8
14 69 1
14 70 2
14 71 5
14 72 3
14 73 3
14 74 9
14 75 2
14 76 8
14 77 5
14 78 7
14 79 5
14 80 4
14 81 9
14 82 9
14 83 9
14 84 9
14 85 6
14 86 4
14 87 3
14 88 8
14 89 2
14 90 4
14 91 2
14 92 2
14 93 2
14 94 4
14 95 2
14 96 1
14 97 5
14 98 1
14 99 9
14 100 2
15 1 3
15 2 4
15 3 1
15 4 3
15 5 5
15 6 3
15 7 9
15 8 2
15 9 2
15 10 5
15 11 7
15 12 6
15 13 7
15 14 7
15 15 2
15 16 2
15 17 4
15 18 3
15 19 4
15 20 2
15 21 1
15 22 9
15 23 8
15 24 7
15 25 9
15 26 2
15 27 4
15 28 1
15 29 8
15 30 2
15 31 7
15 32 6
15 33 7
15 34 3
15 35 1
15 36 7
15 37 9
15 38 1
15 39 9
15 40 3
15 41 4
15 42 9
15 43 5
15 44 1
15 45 7
15 46 8
15 47 1
15 48 2
15 49 3
15 50 1
15 51 1
15 52 4
15 53 3
15 54 4
15 55 6
15 56 3
15 57 8
15 58 2
15 59 2
15 60 5
15 61 3
15 62 9
15 63 4
15 64 6
15 65 4
15 66 9
15 67 3
15 68 5
15 69 2
15 70 4
15 71 7
15 72 4
15 73 7
15 74 9
15 75 6
15 76 4
15 77 3
15 78 3
15 79 5
15 80 9
15 81 2
15 82 6
15 83 4
15 84 6
15 85 9
15 86 5
15 87 9
15 88 1
15 89 8
15 90 6
15 91 7
15 92 8
15 93 9
15 94 7
15 95 8
15 96 6
15 97 7
15 98 2
15 99 4
15 100 2
16 1 7
16 2 5
16 3 9
16 4 9
16 5 7
16 6 3
16 7 5
16 8 1
16 9 5
16 10 1
16 11 3
16 12 9
16 13 1
16 14 3
16 15 7
16 16 9
16 17 3
16 18 4
16 19 2
16 20 9
16 21 2
16 22 9
16 23 8
16 24 3
16 25 6
16 26 3
16 27 3
16 28 1
16 29 9
16 30 3
16 31 5
16 32 1
16 33 8
16 34 6
16 35 3
16 36 8
16 37 6
16 38 1
16 39 8
16 40 5
16 41 8
16 42 7
16 43 1
16 44 2
16 45 1
16 46 6
16 47 9
16 48 4
16 49 8
16 50 9
16 51 1
16 52 5
16 53 7
16 54 6
16 55 6
16 56 3
16 57 3
16 58 8
16 59 1
16 60 7
16 61 2
16 62 6
16 63 6
16 64 7
16 65 4
16 66 5
16 67 1
16 68 6
16 69 1
16 70 3
16 71 1
16 72 2
16 73 4
16 74 7
16 75 7
16 76 5
16 77 2
16 78 7
16 79 9
16 80 4
16 81 9
16 82 6
16 83 7
16 84 1
16 85 9
16 86 1
16 87 7
16 88 2
16 89 2
16 90 3
16 91 4
16 92 9
16 93 7
16 94 5
16 95 8
16 96 3
16 97 7
16 98 3
16 99 3
16 100 9
17 1 3
17 2 1
17 3 2
17 4 3
17 5 5
17 6 5
17 7 8
17 8 9
17 9 3
17 10 9
17 11 6
17 12 1
17 13 5
17 14 3
17 15 1
17 16 3
17 17 8
17 18 3
17 19 8
17 20 8
17 21 4
17 22 7
17 23 9
17 24 4
17 25 9
17 26 3
17 27 2
17 28 3
17 29 8
17 30 3
17 31 8
17 32 6
17 33 7
17 34 2
17 35 9
17 36 6
17 37 1
17 38 1
17 39 6
17 40 7
17 41 5
17 42 5
17 43 5
17 44 2
17 45 9
17 46 8
17 47 3
17 48 8
17 49 9
17 50 7
17 51 7
17 52 2
17 53 7
17 54 1
17 55 7
17 56 7
17 57 4
17 58 7
17 59 6
17 60 7
17 61 5
17 62 3
17 63 6
17 64 2
17 65 3
17 66 1
17 67 4
17 68 1
17 69 7
17 70 4
17 71 5
17 72 3
17 73 5
17 74 1
17 75 5
17 76 8
17 77 9
17 78 2
17 79 7
17 80 1
17 81 6
17 82 5
17 83 1
17 84 3
17 85 8
17 86 2
17 87 7
17 88 2
17 89 3
17 90 6
17 91 1
17 92 9
17 93 1
17 94 5
17 95 5
17 96 2
17 97 1
17 98 6
17 99 4
17 100 6
18 1 2
18 2 4
18 3 6
18 4 2
18 5 6
18 6 5
18 7 7
18 8 3
18 9 1
18 10 1
18 11 9
18 12 7
18 13 9
18 14 1
18 15 2
18 16 6
18 17 2
18 18 8
18 19 8
18 20 8
18 21 9
18 22 4
18 23 5
18 24 9
18 25 9
18 26 8
18 27 8
18 28 1
18 29 1
18 30 4
18 31 6
18 32 1
18 33 3
18 34 7
18 35 7
18 36 2
18 37 2
18 38 3
18 39 9
18 40 3
18 41 8
18 42 1
18 43 8
18 44 9
18 45 5
18 46 8
18 47 8
18 48 2
18 49 3
18 50 2
18 51 1
18 52 4
18 53 5
18 54 5
18 55 8
18 56 8
18 57 2
18 58 3
18 59 4
18 60 3
18 61 1
18 62 6
18 63 7
18 64 4
18 65 1
18 66 3
18 67 3
18 68 3
18 69 3
18 70 7
18 71 9
18 72 9
18 73 4
18 74 6
18 75 9
18 76 8
18 77 1
18 78 6
18 79 4
18 80 1
18 81 3
18 82 4
18 83 9
18 84 8
18 85 3
18 86 4
18 87 2
18 88 1
18 89 4
18 90 3
18 91 9
18 92 4
18 93 1
18 94 5
18 95 7
18 96 3
18 97 8
18 98 1
18 99 6
18 100 6
19 1 7
19 2 6
19 3 7
19 4 5
19 5 6
19 6 6
19 7 9
19 8 9
19 9 4
19 10 7
19 11 8
19 12 5
19 13 4
19 14 5
19 15 5
19 16 4
19 17 3
19 18 7
19 19 8
19 20 4
19 21 4
19 22 5
19 23 8
19 24 9
19 25 3
19 26 9
19 27 3
19 28 4
19 29 3
19 30 1
19 31 5
19 32 2
19 33 7
19 34 8
19 35 4
19 36 6
19 37 8
19 38 8
19 39 8
19 40 6
19 41 5
19 42 1
19 43 2
19 44 9
19 45 1
19 46 3
19 47 4
19 48 6
19 49 2
19 50 3
19 51 7
19 52 3
19 53 5
19 54 5
19 55 4
19 56 1
19 57 9
19 58 7
19 59 7
19 60 2
19 61 5
19 62 5
19 63 3
19 64 7
19 65 8
19 66 9
19 67 2
19 68 4
19 69 6
19 70 7
19 71 6
19 72 6
19 73 7
19 74 7
19 75 2
19 76 8
19 77 3
19 78 5
19 79 4
19 80 3
19 81 6
19 82 1
19 83 2
19 84 4
19 85 2
19 86 8
19 87 5
19 88 1
19 89 5
19 90 4
19 91 2
19 92 3
19 93 7
19 94 5
19 95 8
19 96 2
19 97 8
19 98 9
19 99 8
19 100 7
20 1 5
20 2 5
20 3 2
20 4 3
20 5 8
20 6 4
20 7 9
20 8 8
20 9 2
20 10 7
20 11 3
20 12 3
20 13 6
20 14 2
20 15 5
20 16 8
20 17 1
20 18 1
20 19 4
20 20 9
20 21 6
20 22 7
20 23 5
20 24 4
20 25 9
20 26 6
20 27 7
20 28 2
20 29 2
20 30 7
20 31 4
20 32 3
20 33 2
20 34 4
20 35 6
20 36 6
20 37 5
20 38 7
20 39 7
20 40 9
20 41 3
20 42 7
20 43 9
20 44 6
20 45 9
20 46 3
20 47 5
20 48 8
20 49 9
20 50 7
20 51 4
20 52 6
20 53 2
20 54 5
20 55 7
20 56 7
20 57 2
20 58 2
20 59 1
20 60 9
20 61 7
20 62 7
20 63 1
20 64 9
20 65 2
20 66 1
20 67 7
20 68 9
20 69 9
20 70 6
20 71 1
20 72 1
20 73 7
20 74 1
20 75 6
20 76 4
20 77 1
20 78 1
20 79 4
20 80 7
20 81 8
20 82 9
20 83 5
20 84 4
20 85 4
20 86 6
20 87 2
20 88 3
20 89 1
20 90 2
20 91 9
20 92 4
20 93 3
20 94 1
20 95 5
20 96 3
20 97 1
20 98 1
20 99 1
20 100 3
21 1 7
21 2 2
21 3 8
21 4 3
21 5 7
21 6 2
21 7 9
21 8 1
21 9 6
21 10 3
21 11 9
21 12 6
21 13 8
21 14 2
21 15 5
21 16 5
21 17 9
21 18 1
21 19 5
21 20 7
21 21 6
21 22 8
21 23 7
21 24 7
21 25 8
21 26 2
21 27 4
21 28 2
21 29 6
21 30 1
21 31 3
21 32 9
21 33 8
21 34 9
21 35 2
21 36 2
21 37 9
21 38 2
21 39 7
21 40 1
21 41 2
21 42 7
21 43 1
21 44 9
21 45 9
21 46 5
21 47 8
21 48 5
21 49 4
21 50 7
21 51 4
21 52 2
21 53 4
21 54 4
21 55 1
21 56 1
21 57 9
21 58 5
21 59 9
21 60 9
21 61 9
21 62 6
21 63 6
21 64 2
21 65 6
21 66 2
21 67 6
21 68 2
21 69 9
21 70 2
21 71 3
21 72 8
21 73 3
21 74 8
21 75 7
21 76 8
21 77 6
21 78 2
21 79 1
21 80 9
21 81 1
21 82 7
21 83 9
21 84 1
21 85 2
21 86 8
21 87 1
21 88 3
21 89 6
21 90 7
21 91 9
21 92 7
21 93 2
21 94 2
21 95 5
21 96 6
21 97 3
21 98 9
21 99 2
21 100 1
22 1 6
22 2 5
22 3 7
22 4 6
22 5 8
22 6 9
22 7 1
22 8 3
22 9 8
22 10 5
22 11 7
22 12 4
22 13 6
22 14 5
22 15 6
22 16 1
22 17 3
22 18 8
22 19 9
22 20 1
22 21 6
22 22 9
22 23 3
22 24 6
22 25 5
22 26 4
22 27 1
22 28 6
22 29 5
22 30 1
22 31 7
22 32 3
22 33 4
22 34 1
22 35 5
22 36 2
22 37 6
22 38 6
22 39 1
22 40 7
22 41 8
22 42 7
22 43 2
22 44 8
22 45 5
22 46 5
22 47 7
22 48 4
22 49 8
22 50 2
22 51 5
22 52 9
22 53 4
22 54 1
22 55 3
22 56 6
22 57 3
22 58 2
22 59 2
22 60 1
22 61 2
22 62 8
22 63 9
22 64 6
22 65 7
22 66 6
22 67 9
22 68 8
22 69 4
22 70 5
22 71 3
22 72 6
22 73 8
22 74 2
22 75 1
22 76 3
22 77 5
22 78 7
22 79 5
22 80 7
22 81 6
22 82 5
22 83 8
22 84 5
22 85 4
22 86 3
22 87 5
22 88 3
22 89 6
22 90 2
22 91 5
22 92 3
22 93 8
22 94 5
22 95 8
22 96 1
22 97 9
22 98 3
22 99 1
22 100 7
23 1 4
23 2 5
23 3 9
23 4 5
23 5 9
23 6 7
23 7 5
23 8 7
23 9 7
23 10 7
23 11 5
23 12 2
23 13 8
23 14 4
23 15 4
23 16 4
23 17 7
23 18 9
23 19 8
23 20 1
23 21 9
23 22 9
23 23 9
23 24 8
23 25 5
23 26 5
23 27 5
23 28 7
23 29 7
23 30 4
23 31 3
23 32 8
23 33 5
23 34 5
23 35 4
23 36 7
23 37 7
23 38 1
23 39 9
23 40 7
23 41 7
23 42 8
23 43 7
23 44 4
23 45 7
23 46 3
23 47 8
23 48 5
23 49 3
23 50 5
23 51 4
23 52 6
23 53 8
23 54 7
23 55 8
23 56 2
23 57 3
23 58 2
23 59 7
23 60 5
23 61 2
23 62 5
23 63 5
23 64 7
23 65 3
23 66 5
23 67 4
23 68 5
23 69 1
23 70 8
23 71 5
23 72 6
23 73 8
23 74 9
23 75 8
23 76 6
23 77 3
23 78 4
23 79 3
23 80 5
23 81 8
23 82 1
23 83 5
23 84 4
23 85 2
23 86 1
23 87 7
23 88 7
23 89 1
23 90 1
23 91 6
23 92 3
23 93 9
23 94 5
23 95 9
23 96 2
23 97 9
23 98 7
23 99 4
23 100 8
24 1 3
24 2 5
24 3 5
24 4 3
24 5 7
24 6 3
24 7 7
24 8 1
24 9 8
24 10 7
24 11 6
24 12 7
24 13 9
24 14 5
24 15 1
24 16 3
24 17 2
24 18 3
24 19 9
24 20 2
24 21 7
24 22 5
24 23 6
24 24 2
24 25 5
24 26 1
24 27 9
24 28 9
24 29 5
24 30 5
24 31 1
24 32 5
24 33 9
24 34 9
24 35 6
24 36 8
24 37 4
24 38 6
24 39 2
24 40 8
24 41 1
24 42 7
24 43 6
24 44 5
24 45 9
24 46 2
24 47 9
24 48 4
24 49 5
24 50 8
24 51 4
24 52 9
24 53 2
24 54 4
24 55 2
24 56 6
24 57 7
24 58 6
24 59 4
24 60 3
24 61 4
24 62 1
24 63 4
24 64 6
24 65 6
24 66 5
24 67 6
24 68 3
24 69 1
24 70 8
24 71 7
24 72 1
24 73 3
24 74 8
24 75 8
24 76 6
24 77 5
24 78 4
24 79 4
24 80 7
24 81 1
24 82 3
24 83 9
24 84 8
24 85 4
24 86 3
24 87 4
24 88 2
24 89 2
24 90 3
24 91 9
24 92 5
24 93 1
24 94 2
24 95 1
24 96 5
24 97 1
24 98 2
24 99 1
24 100 7
25 1 4
25 2 1
25 3 8
25 4 3
25 5 5
25 6 8
25 7 9
25 8 8
25 9 9
25 10 7
25 11 3
25 12 5
25 13 1
25 14 1
25 15 1
25 16 7
25 17 6
25 18 4
25 19 7
25 20 2
25 21 3
25 22 4
25 23 8
25 24 4
25 25 9
25 26 3
25 27 4
25 28 2
25 29 2
25 30 5
25 31 4
25 32 7
25 33 5
25 34 2
25 35 2
25 36 3
25 37 3
25 38 3
25 39 4
25 40 6
25 41 2
25 42 7
25 43 2
25 44 6
25 45 3
25 46 4
25 47 4
25 48 2
25 49 9
25 50 5
25 51 2
25 52 9
25 53 9
25 54 7
25 55 8
25 56 4
25 57 6
25 58 7
25 59 3
25 60 9
25 61 3
25 62 6
25 63 9
25 64 2
25 65 1
25 66 7
25 67 9
25 68 3
25 69 9
25 70 1
25 71 3
25 72 9
25 73 1
25 74 3
25 75 5
25 76 4
25 77 1
25 78 3
25 79 9
25 80 7
25 81 8
25 82 2
25 83 3
25 84 7
25 85 6
25 86 9
25 87 9
25 88 5
25 89 4
25 90 4
25 91 9
25 92 1
25 93 6
25 94 7
25 95 3
25 96 7
25 97 4
25 98 9
25 99 6
25 100 5
26 1 2
26 2 4
26 3 2
26 4 2
26 5 3
26 6 4
26 7 1
26 8 2
26 9 2
26 10 7
26 11 2
26 12 4
26 13 9
26 14 4
26 15 9
26 16 4
26 17 3
26 18 6
26 19 5
26 20 7
26 21 6
26 22 7
26 23 6
26 24 4
26 25 1
26 26 8
26 27 8
26 28 8
26 29 6
26 30 7
26 31 2
26 32 3
26 33 2
26 34 3
26 35 1
26 36 5
26 37 7
26 38 6
26 39 8
26 40 3
26 41 9
26 42 8
26 43 3
26 44 8
26 45 4
26 46 4
26 47 6
26 48 3
26 49 4
26 50 8
26 51 3
26 52 3
26 53 5
26 54 9
26 55 9
26 56 4
26 57 9
26 58 5
26 59 4
26 60 6
26 61 4
26 62 2
26 63 9
26 64 3
26 65 3
26 66 7
26 67 1
26 68 9
26 69 2
26 70 6
26 71 2
26 72 2
26 73 9
26 74 8
26 75 9
26 76 7
26 77 7
26 78 4
26 79 8
26 80 9
26 81 5
26 82 3
26 83 6
26 84 1
26 85 5
26 86 7
26 87 1
26 88 4
26 89 4
26 90 5
26 91 5
26 92 9
26 93 4
26 94 5
26 95 7
26 96 2
26 97 9
26 98 9
26 99 1
26 100 8
27 1 2
27 2 2
27 3 9
27 4 6
27 5 3
27 6 2
27 7 6
27 8 7
27 9 3
27 10 1
27 11 3
27 12 8
27 13 2
27 14 2
27 15 5
27 16 2
27 17 1
27 18 9
27 19 2
27 20 7
27 21 6
27 22 8
27 23 5
27 24 4
27 25 5
27 26 5
27 27 6
27 28 3
27 29 6
27 30 8
27 31 6
27 32 5
27 33 2
27 34 7
27 35 6
27 36 5
27 37 9
27 38 3
27 39 4
27 40 9
27 41 4
27 42 5
27 43 9
27 44 1
27 45 5
27 46 2
27 47 6
27 48 4
27 49 2
27 50 3
27 51 7
27 52 5
27 53 6
27 54 7
27 55 8
27 56 5
27 57 8
27 58 2
27 59 1
27 60 5
27 61 6
27 62 7
27 63 1
27 64 1
27 65 4
27 66 5
27 67 9
27 68 4
27 69 4
27 70 3
27 71 2
27 72 3
27 73 4
27 74 1
27 75 9
27 76 4
27 77 5
27 78 3
27 79 9
27 80 8
27 81 3
27 82 9
27 83 8
27 84 4
27 85 5
27 86 7
27 87 6
27 88 6
27 89 5
27 90 7
27 91 2
27 92 5
27 93 1
27 94 5
27 95 5
27 96 8
27 97 2
27 98 6
27 99 2
27 100 8
28 1 2
28 2 9
28 3 2
28 4 7
28 5 7
28 6 8
28 7 5
28 8 7
28 9 4
28 10 4
28 11 5
28 12 2
28 13 1
28 14 2
28 15 8
28 16 7
28 17 1
28 18 5
28 19 9
28 20 1
28 21 3
28 22 7
28 23 9
28 24 6
28 25 3
28 26 8
28 27 5
28 28 5
28 29 2
28 30 8
28 31 4
28 32 5
28 33 3
28 34 9
28 35 4
28 36 7
28 37 2
28 38 8
28 39 3
28 40 3
28 41 8
28 42 4
28 43 1
28 44 5
28 45 9
28 46 7
28 47 7
28 48 7
28 49 3
28 50 4
28 51 3
28 52 5
28 53 5
28 54 6
28 55 7
28 56 7
28 57 2
28 58 9
28 59 9
28 60 3
28 61 5
28 62 6
28 63 7
28 64 5
28 65 5
28 66 9
28 67 2
28 68 3
28 69 4
28 70 6
28 71 7
28 72 9
28 73 1
28 74 6
28 75 2
28 76 5
28 77 1
28 78 1
28 79 7
28 80 3
28 81 9
28 82 2
28 83 5
28 84 6
28 85 4
28 86 4
28 87 9
28 88 3
28 89 2
28 90 9
28 91 7
28 92 3
28 93 4
28 94 3
28 95 5
28 96 6
28 97 6
28 98 2
28 99 4
28 100 4
29 1 5
29 2 2
29 3 1
29 4 5
29 5 9
29 6 2
29 7 9
29 8 4
29 9 9
29 10 5
29 11 3
29 12 3
29 13 1
29 14 5
29 15 7
29 16 9
29 17 2
29 18 1
29 19 8
29 20 6
29 21 9
29 22 1
29 23 3
29 24 1
29 25 5
29 26 5
29 27 3
29 28 8
29 29 2
29 30 7
29 31 7
29 32 7
29 33 8
29 34 3
29 35 5
29 36 6
29 37 9
29 38 8
29 39 3
29 40 5
29 41 1
29 42 5
29 43 4
29 44 5
29 45 1
29 46 6
29 47 3
29 48 5
29 49 3
29 50 5
29 51 3
29 52 8
29 53 1
29 54 8
29 55 4
29 56 4
29 57 4
29 58 4
29 59 7
29 60 2
29 61 8
29 62 4
29 63 4
29 64 9
29 65 3
29 66 2
29 67 3
29 68 5
29 69 1
29 70 8
29 71 4
29 72 1
29 73 1
29 74 4
29 75 5
29 76 1
29 77 4
29 78 5
29 79 8
29 80 2
29 81 3
29 82 2
29 83 3
29 84 2
29 85 7
29 86 3
29 87 7
29 88 5
29 89 6
29 90 4
29 91 2
29 92 7
29 93 7
29 94 7
29 95 3
29 96 7
29 97 9
29 98 4
29 99 4
29 100 2
30 1 4
30 2 8
30 3 8
30 4 4
30 5 6
30 6 8
30 7 1
30 8 8
30 9 5
30 10 6
30 11 6
30 12 7
30 13 7
30 14 6
30 15 6
30 16 7
30 17 3
30 18 8
30 19 4
30 20 7
30 21 6
30 22 7
30 23 2
30 24 7
30 25 9
30 26 9
30 27 2
30 28 6
30 29 5
30 30 4
30 31 6
30 32 6
30 33 8
30 34 2
30 35 6
30 36 9
30 37 1
30 38 9
30 39 7
30 40 9
30 41 1
30 42 7
30 43 1
30 44 6
30 45 5
30 46 7
30 47 1
30 48 2
30 49 7
30 50 8
30 51 9
30 52 6
30 53 4
30 54 9
30 55 3
30 56 6
30 57 1
30 58 1
30 59 3
30 60 6
30 61 7
30 62 3
30 63 6
30 64 5
30 65 5
30 66 1
30 67 5
30 68 8
30 69 9
30 70 6
30 71 2
30 72 4
30 73 3
30 74 2
30 75 5
30 76 1
30 77 4
30 78 3
30 79 9
30 80 7
30 81 5
30 82 2
30 83 6
30 84 3
30 85 7
30 86 6
30 87 9
30 88 7
30 89 2
30 90 7
30 91 8
30 92 6
30 93 3
30 94 8
30 95 1
30 96 1
30 97 5
30 98 9
30 99 3
30 100 2
31 1 7
31 2 7
31 3 8
31 4 8
31 5 7
31 6 8
31 7 2
31 8 1
31 9 3
31 10 5
31 11 5
31 12 7
31 13 5
31 14 6
31 15 9
31 16 6
31 17 2
31 18 5
31 19 4
31 20 8
31 21 9
31 22 7
31 23 8
31 24 2
31 25 8
31 26 3
31 27 1
31 28 9
31 29 2
31 30 2
31 31 3
31 32 2
31 33 4
31 34 2
31 35 6
31 36 2
31 37 8
31 38 5
31 39 4
31 40 7
31 41 7
31 42 9
31 43 5
31 44 3
31 45 5
31 46 5
31 47 7
31 48 5
31 49 5
31 50 9
31 51 3
31 52 3
31 53 1
31 54 2
31 55 7
31 56 4
31 57 2
31 58 1
31 59 6
31 60 4
31 61 1
31 62 8
31 63 5
31 64 6
31 65 5
31 66 5
31 67 1
31 68 2
31 69 7
31 70 2
31 71 3
31 72 3
31 73 4
31 74 7
31 75 9
31 76 3
31 77 9
31 78 8
31 79 2
31 80 9
31 81 1
31 82 5
31 83 8
31 84 2
31 85 6
31 86 8
31 87 3
31 88 9
31 89 9
31 90 9
31 91 5
31 92 4
31 93 3
31 94 4
31 95 8
31 96 9
31 97 3
31 98 9
31 99 3
31 100 5
32 1 4
32 2 7
32 3 4
32 4 2
32 5 2
32 6 7
32 7 5
32 8 5
32 9 8
32 10 5
32 11 5
32 12 9
32 13 6
32 14 1
32 15 8
32 16 7
32 17 8
32 18 8
32 19 4
32 20 8
32 21 2
32 22 1
32 23 8
32 24 6
32 25 2
32 26 2
32 27 5
32 28 9
32 29 3
32 30 4
32 31 7
32 32 5
32 33 2
32 34 1
32 35 2
32 36 2
32 37 5
32 38 6
32 39 8
32 40 3
32 41 4
32 42 3
32 43 8
32 44 8
32 45 8
32 46 3
32 47 1
32 48 3
32 49 8
32 50 2
32 51 5
32 52 2
32 53 9
32 54 1
32 55 1
32 56 6
32 57 9
32 58 1
32 59 4
32 60 7
32 61 4
32 62 7
32 63 8
32 64 9
32 65 5
32 66 9
32 67 3
32 68 2
32 69 6
32 70 6
32 71 6
32 72 3
32 73 3
32 74 1
32 75 8
32 76 7
32 77 8
32 78 7
32 79 8
32 80 2
32 81 5
32 82 3
32 83 2
32 84 7
32 85 7
32 86 1
32 87 7
32 88 5
32 89 6
32 90 4
32 91 2
32 92 6
32 93 4
32 94 7
32 95 6
32 96 9
32 97 9
32 98 1
32 99 4
32 100 2
33 1 6
33 2 3
33 3 1
33 4 3
33 5 8
33 6 3
33 7 4
33 8 9
33 9 6
33 10 2
33 11 5
33 12 6
33 13 5
33 14 4
33 15 3
33 16 3
33 17 3
33 18 5
33 19 7
33 20 7
33 21 9
33 22 9
33 23 4
33 24 5
33 25 3
33 26 6
33 27 9
33 28 8
33 29 3
33 30 8
33 31 6
33 32 6
33 33 3
33 34 6
33 35 9
33 36 6
33 37 6
33 38 5
33 39 8
33 40 4
33 41 8
33 42 3
33 43 2
33 44 8
33 45 3
33 46 8
33 47 5
33 48 7
33 49 4
33 50 5
33 51 3
33 52 8
33 53 3
33 54 1
33 55 5
33 56 6
33 57 9
33 58 3
33 59 3
33 60 6
33 61 8
33 62 6
33 63 6
33 64 4
33 65 2
33 66 3
33 67 4
33 68 2
33 69 1
33 70 4
33 71 9
33 72 2
33 73 3
33 74 7
33 75 2
33 76 4
33 77 6
33 78 2
33 79 5
33 80 9
33 81 6
33 82 2
33 83 1
33 84 8
33 85 1
33 86 4
33 87 8
33 88 8
33 89 1
33 90 2
33 91 9
33 92 4
33 93 8
33 94 1
33 95 5
33 96 1
33 97 6
33 98 3
33 99 8
33 100 5
34 1 9
34 2 9
34 3 5
34 4 7
34 5 1
34 6 9
34 7 5
34 8 5
34 9 4
34 10 7
34 11 9
34 12 4
34 13 7
34 14 4
34 15 8
34 16 5
34 17 1
34 18 4
34 19 7
34 20 9
34 21 1
34 22 3
34 23 9
34 24 1
34 25 9
34 26 8
34 27 2
34 28 5
34 29 5
34 30 8
34 31 9
34 32 9
34 33 8
34 34 6
34 35 1
34 36 4
34 37 6
34 38 3
34 39 1
34 40 4
34 41 5
34 42 6
34 43 2
34 44 9
34 45 1
34 46 1
34 47 4
34 48 3
34 49 6
34 50 2
34 51 7
34 52 8
34 53 4
34 54 5
34 55 2
34 56 9
34 57 6
34 58 5
34 59 1
34 60 8
34 61 8
34 62 7
34 63 8
34 64 1
34 65 2
34 66 8
34 67 3
34 68 6
34 69 2
34 70 5
34 71 7
34 72 7
34 73 8
34 74 4
34 75 1
34 76 3
34 77 8
34 78 3
34 79 4
34 80 6
34 81 3
34 82 9
34 83 3
34 84 9
34 85 5
34 86 1
34 87 4
34 88 6
34 89 5
34 90 8
34 91 5
34 92 1
34 93 5
34 94 2
34 95 6
34 96 9
34 97 7
34 98 2
34 99 4
34 100 7
35 1 7
35 2 9
35 3 3
35 4 6
35 5 8
35 6 6
35 7 4
35 8 6
35 9 4
35 10 5
35 11 6
35 12 7
35 13 9
35 14 5
35 15 7
35 16 1
35 17 6
35 18 7
35 19 9
35 20 6
35 21 7
35 22 8
35 23 5
35 24 9
35 25 3
35 26 9
35 27 3
35 28 6
35 29 5
35 30 9
35 31 3
35 32 9
35 33 6
35 34 2
35 35 2
35 36 9
35 37 1
35 38 8
35 39 6
35 40 3
35 41 7
35 42 1
35 43 1
35 44 6
35 45 9
35 46 5
35 47 5
35 48 5
35 49 1
35 50 4
35 51 9
35 52 1
35 53 8
35 54 2
35 55 8
35 56 5
35 57 4
35 58 2
35 59 1
35 60 9
35 61 1
35 62 3
35 63 5
35 64 8
35 65 7
35 66 8
35 67 6
35 68 2
35 69 9
35 70 9
35 71 6
35 72 2
35 73 9
35 74 7
35 75 2
35 76 4
35 77 8
35 78 9
35 79 2
35 80 3
35 81 3
35 82 9
35 83 7
35 84 9
35 85 3
35 86 9
35 87 6
35 88 9
35 89 5
35 90 4
35 91 3
35 92 3
35 93 6
35 94 7
35 95 2
35 96 3
35 97 4
35 98 4
35 99 7
35 100 4
36 1 3
36 2 2
36 3 5
36 4 1
36 5 2
36 6 7
36 7 3
36 8 8
36 9 8
36 10 4
36 11 2
36 12 7
36 13 9
36 14 7
36 15 2
36 16 1
36 17 4
36 18 2
36 19 5
36 20 4
36 21 8
36 22 8
36 23 9
36 24 4
36 25 4
36 26 1
36 27 7
36 28 2
36 29 2
36 30 1
36 31 3
36 32 5
36 33 3
36 34 7
36 35 9
36 36 4
36 37 6
36 38 8
36 39 6
36 40 5
36 41 4
36 42 6
36 43 3
36 44 8
36 45 1
36 46 6
36 47 5
36 48 4
36 49 6
36 50 8
36 51 7
36 52 9
36 53 4
36 54 5
36 55 6
36 56 2
36 57 4
36 58 5
36 59 2
36 60 4
36 61 7
36 62 1
36 63 8
36 64 6
36 65 6
36 66 1
36 67 9
36 68 3
36 69 8
36 70 5
36 71 7
36 72 9
36 73 6
36 74 2
36 75 3
36 76 6
36 77 6
36 78 4
36 79 1
36 80 1
36 81 3
36 82 6
36 83 2
36 84 1
36 85 1
36 86 9
36 87 7
36 88 5
36 89 2
36 90 2
36 91 2
36 92 8
36 93 7
36 94 6
36 95 9
36 96 9
36 97 7
36 98 7
36 99 3
36 100 1
37 1 6
37 2 6
37 3 4
37 4 9
37 5 8
37 6 7
37 7 1
37 8 9
37 9 3
37 10 4
37 11 8
37 12 2
37 13 6
37 14 4
37 15 9
37 16 5
37 17 6
37 18 5
37 19 3
37 20 2
37 21 2
37 22 5
37 23 3
37 24 8
37 25 2
37 26 8
37 27 1
37 28 9
37 29 5
37 30 9
37 31 3
37 32 5
37 33 9
37 34 9
37 35 9
37 36 1
37 37 8
37 38 9
37 39 6
37 40 1
37 41 4
37 42 7
37 43 1
37 44 7
37 45 8
37 46 1
37 47 5
37 48 6
37 49 5
37 50 9
37 51 2
37 52 5
37 53 4
37 54 9
37 55 5
37 56 4
37 57 5
37 58 6
37 59 4
37 60 5
37 61 3
37 62 5
37 63 9
37 64 9
37 65 7
37 66 6
37 67 3
37 68 3
37 69 6
37 70 1
37 71 9
37 72 5
37 73 8
37 74 8
37 75 5
37 76 5
37 77 1
37 78 2
37 79 1
37 80 1
37 81 9
37 82 8
37 83 4
37 84 8
37 85 5
37 86 6
37 87 8
37 88 5
37 89 3
37 90 3
37 91 6
37 92 2
37 93 4
37 94 9
37 95 8
37 96 3
37 97 7
37 98 1
37 99 9
37 100 2
38 1 3
38 2 7
38 3 9
38 4 1
38 5 3
38 6 9
38 7 4
38 8 8
38 9 4
38 10 3
38 11 1
38 12 5
38 13 6
38 14 8
38 15 8
38 16 5
38 17 6
38 18 1
38 19 9
38 20 4
38 21 1
38 22 9
38 23 7
38 24 6
38 25 8
38 26 1
38 27 4
38 28 8
38 29 4
38 30 8
38 31 9
38 32 3
38 33 2
38 34 2
38 35 2
38 36 8
38 37 6
38 38 6
38 39 6
38 40 4
38 41 9
38 42 1
38 43 1
38 44 3
38 45 4
38 46 4
38 47 4
38 48 7
38 49 4
38 50 7
38 51 6
38 52 6
38 53 6
38 54 4
38 55 4
38 56 2
38 57 8
38 58 3
38 59 5
38 60 5
38 61 9
38 62 7
38 63 7
38 64 3
38 65 7
38 66 2
38 67 5
38 68 2
38 69 5
38 70 4
38 71 3
38 72 4
38 73 9
38 74 4
38 75 7
38 76 4
38 77 3
38 78 3
38 79 9
38 80 6
38 81 5
38 82 1
38 83 6
38 84 6
38 85 4
38 86 7
38 87 4
38 88 4
38 89 3
38 90 5
38 91 9
38 92 8
38 93 6
38 94 9
38 95 7
38 96 2
38 97 1
38 98 2
38 99 1
38 100 8
39 1 7
39 2 1
39 3 3
39 4 8
39 5 3
39 6 3
39 7 8
39 8 7
39 9 5
39 10 9
39 11 2
39 12 9
39 13 5
39 14 1
39 15 3
39 16 1
39 17 1
39 18 8
39 19 6
39 20 6
39 21 7
39 22 9
39 23 6
39 24 6
39 25 1
39 26 4
39 27 9
39 28 2
39 29 1
39 30 6
39 31 9
39 32 4
39 33 4
39 34 5
39 35 2
39 36 6
39 37 7
39 38 2
39 39 7
39 40 7
39 41 9
39 42 7
39 43 9
39 44 6
39 45 9
39 46 4
39 47 3
39 48 6
39 49 2
39 50 4
39 51 4
39 52 8
39 53 6
39 54 9
39 55 1
39 56 9
39 57 5
39 58 3
39 59 6
39 60 8
39 61 4
39 62 6
39 63 7
39 64 9
39 65 9
39 66 1
39 67 8
39 68 6
39 69 9
39 70 7
39 71 1
39 72 1
39 73 9
39 74 4
39 75 4
39 76 5
39 77 5
39 78 9
39 79 5
39 80 4
39 81 5
39 82 9
39 83 9
39 84 8
39 85 9
39 86 6
39 87 1
39 88 1
39 89 2
39 90 1
39 91 9
39 92 5
39 93 3
39 94 3
39 95 6
39 96 5
39 97 9
39 98 1
39 99 9
39 100 4
40 1 5
40 2 3
40 3 8
40 4 4
40 5 3
40 6 1
40 7 4
40 8 3
40 9 7
40 10 3
40 11 6
40 12 9
40 13 7
40 14 3
40 15 3
40 16 9
40 17 3
40 18 4
40 19 7
40 20 2
40 21 9
40 22 3
40 23 7
40 24 3
40 25 5
40 26 3
40 27 4
40 28 1
40 29 8
40 30 8
40 31 7
40 32 6
40 33 3
40 34 3
40 35 5
40 36 7
40 37 4
40 38 9
40 39 6
40 40 9
40 41 4
40 42 4
40 43 6
40 44 3
40 45 3
40 46 3
40 47 8
40 48 9
40 49 9
40 50 2
40 51 8
40 52 2
40 53 3
40 54 2
40 55 4
40 56 2
40 57 8
40 58 8
40 59 7
40 60 4
40 61 8
40 62 8
40 63 4
40 64 9
40 65 7
40 66 6
40 67 3
40 68 7
40 69 3
40 70 4
40 71 3
40 72 6
40 73 7
40 74 2
40 75 8
40 76 4
40 77 2
40 78 6
40 79 1
40 80 9
40 81 2
40 82 8
40 83 2
40 84 5
40 85 8
40 86 7
40 87 6
40 88 6
40 89 8
40 90 6
40 91 4
40 92 8
40 93 6
40 94 7
40 95 5
40 96 6
40 97 9
40 98 5
40 99 8
40 100 6
41 1 2
41 2 1
41 3 7
41 4 4
41 5 1
41 6 1
41 7 1
41 8 8
41 9 2
41 10 8
41 11 1
41 12 9
41 13 8
41 14 6
41 15 8
41 16 4
41 17 8
41 18 3
41 19 8
41 20 5
41 21 6
41 22 7
41 23 9
41 24 2
41 25 8
41 26 1
41 27 5
41 28 1
41 29 3
41 30 2
41 31 5
41 32 6
41 33 7
41 34 6
41 35 5
41 36 8
41 37 1
41 38 4
41 39 5
41 40 9
41 41 3
41 42 7
41 43 2
41 44 3
41 45 2
41 46 8
41 47 3
41 48 7
41 49 2
41 50 9
41 51 2
41 52 1
41 53 9
41 54 1
41 55 4
41 56 8
41 57 3
41 58 8
41 59 7
41 60 3
41 61 8
41 62 6
41 63 5
41 64 1
41 65 3
41 66 6
41 67 2
41 68 1
41 69 4
41 70 6
41 71 8
41 72 8
41 73 8
41 74 7
41 75 4
41 76 8
41 77 9
41 78 9
41 79 3
41 80 4
41 81 3
41 82 6
41 83 7
41 84 5
41 85 3
41 86 6
41 87 6
41 88 2
41 89 7
41 90 9
41 91 3
41 92 8
41 93 4
41 94 7
41 95 7
41 96 8
41 97 1
41 98 1
41 99 4
41 100 5
42 1 9
42 2 6
42 3 3
42 4 9
42 5 1
42 6 4
42 7 4
42 8 8
42 9 6
42 10 6
42 11 7
42 12 3
42 13 6
42 14 1
42 15 2
42 16 1
42 17 6
42 18 6
42 19 8
42 20 5
42 21 1
42 22 3
42 23 2
42 24 2
42 25 8
42 26 8
42 27 5
42 28 9
42 29 6
42 30 8
42 31 3
42 32 6
42 33 5
42 34 9
42 35 4
42 36 2
42 37 8
42 38 8
42 39 6
42 40 8
42 41 6
42 42 1
42 43 8
42 44 7
42 45 2
42 46 7
42 47 3
42 48 3
42 49 4
42 50 8
42 51 4
42 52 6
42 53 4
42 54 7
42 55 7
42 56 5
42 57 5
42 58 5
42 59 6
42 60 8
42 61 5
42 62 9
42 63 2
42 64 6
42 65 8
42 66 9
42 67 7
42 68 5
42 69 4
42 70 9
42 71 8
42 72 3
42 73 8
42 74 1
42 75 2
42 76 1
42 77 6
42 78 8
42 79 4
42 80 3
42 81 8
42 82 3
42 83 4
42 84 7
42 85 1
42 86 8
42 87 4
42 88 4
42 89 9
42 90 4
42 91 4
42 92 5
42 93 5
42 94 6
42 95 1
42 96 7
42 97 3
42 98 6
42 99 2
42 100 9
43 1 1
43 2 9
43 3 4
43 4 6
43 5 8
43 6 9
43 7 5
43 8 3
43 9 5
43 10 9
43 11 8
43 12 4
43 13 9
43 14 4
43 15 5
43 16 7
43 17 8
43 18 4
43 19 3
43 20 4
43 21 5
43 22 4
43 23 1
43 24 3
43 25 2
43 26 1
43 27 7
43 28 5
43 29 9
43 30 9
43 31 8
43 32 9
43 33 6
43 34 5
43 35 8
43 36 3
43 37 1
43 38 8
43 39 4
43 40 2
43 41 4
43 42 4
43 43 3
43 44 8
43 45 8
43 46 1
43 47 7
43 48 6
43 49 4
43 50 4
43 51 2
43 52 4
43 53 7
43 54 5
43 55 7
43 56 3
43 57 4
43 58 5
43 59 7
43 60 4
43 61 4
43 62 8
43 63 7
43 64 1
43 65 5
43 66 2
43 67 3
43 68 4
43 69 2
43 70 5
43 71 2
43 72 2
43 73 9
43 74 9
43 75 9
43 76 1
43 77 6
43 78 1
43 79 4
43 80 7
43 81 2
43 82 5
43 83 6
43 84 3
43 85 7
43 86 9
43 87 4
43 88 1
43 89 7
43 90 1
43 91 1
43 92 8
43 93 6
43 94 6
43 95 7
43 96 6
43 97 2
43 98 4
43 99 5
43 100 1
44 1 9
44 2 7
44 3 7
44 4 2
44 5 4
44 6 8
44 7 7
44 8 6
44 9 3
44 10 9
44 11 3
44 12 2
44 13 3
44 14 6
44 15 9
44 16 2
44 17 1
44 18 5
44 19 8
44 20 5
44 21 9
44 22 3
44 23 7
44 24 6
44 25 7
44 26 8
44 27 4
44 28 6
44 29 4
44 30 2
44 31 5
44 32 5
44 33 5
44 34 4
44 35 6
44 36 9
44 37 3
44 38 1
44 39 9
44 40 7
44 41 7
44 42 6
44 43 3
44 44 9
44 45 5
44 46 9
44 47 1
44 48 8
44 49 7
44 50 7
44 51 8
44 52 6
44 53 4
44 54 2
44 55 5
44 56 9
44 57 7
44 58 3
44 59 7
44 60 4
44 61 8
44 62 6
44 63 3
44 64 4
44 65 6
44 66 8
44 67 8
44 68 9
44 69 7
44 70 9
44 71 8
44 72 7
44 73 1
44 74 6
44 75 5
44 76 5
44 77 3
44 78 9
44 79 6
44 80 5
44 81 5
44 82 6
44 83 6
44 84 7
44 85 1
44 86 5
44 87 8
44 88 6
44 89 2
44 90 7
44 91 7
44 92 7
44 93 7
44 94 1
44 95 3
44 96 2
44 97 7
44 98 3
44 99 5
44 100 9
45 1 6
45 2 5
45 3 5
45 4 7
45 5 4
45 6 4
45 7 4
45 8 9
45 9 1
45 10 4
45 11 8
45 12 1
45 13 1
45 14 9
45 15 1
45 16 5
45 17 6
45 18 3
45 19 9
45 20 3
45 21 2
45 22 5
45 23 7
45 24 2
45 25 2
45 26 5
45 27 4
45 28 2
45 29 1
45 30 1
45 31 6
45 32 2
45 33 5
45 34 6
45 35 6
45 36 5
45 37 1
45 38 7
45 39 3
45 40 7
45 41 7
45 42 4
45 43 4
45 44 7
45 45 9
45 46 9
45 47 4
45 48 2
45 49 9
45 50 1
45 51 9
45 52 9
45 53 3
45 54 3
45 55 6
45 56 3
45 57 3
45 58 6
45 59 4
45 60 4
45 61 6
45 62 2
45 63 9
45 64 7
45 65 4
45 66 4
45 67 9
45 68 7
45 69 3
45 70 1
45 71 5
45 72 4
45 73 5
45 74 9
45 75 3
45 76 8
45 77 2
45 78 8
45 79 6
45 80 8
45 81 5
45 82 5
45 83 5
45 84 6
45 85 6
45 86 4
45 87 1
45 88 3
45 89 6
45 90 2
45 91 5
45 92 3
45 93 1
45 94 2
45 95 1
45 96 9
45 97 4
45 98 6
45 99 1
45 100 9
46 1 7
46 2 9
46 3 2
46 4 8
46 5 2
46 6 9
46 7 4
46 8 5
46 9 9
46 10 3
46 11 8
46 12 8
46 13 6
46 14 6
46 15 5
46 16 2
46 17 5
46 18 6
46 19 8
46 20 4
46 21 9
46 22 6
46 23 9
46 24 9
46 25 2
46 26 5
46 27 5
46 28 7
46 29 8
46 30 8
46 31 5
46 32 5
46 33 5
46 34 7
46 35 2
46 36 6
46 37 1
46 38 1
46 39 8
46 40 6
46 41 7
46 42 1
46 43 5
46 44 4
46 45 6
46 46 4
46 47 8
46 48 4
46 49 3
46 50 6
46 51 1
46 52 4
46 53 5
46 54 7
46 55 2
46 56 5
46 57 9
46 58 8
46 59 9
46 60 2
46 61 8
46 62 7
46 63 3
46 64 8
46 65 5
46 66 6
46 67 6
46 68 2
46 69 7
46 70 3
46 71 6
46 72 1
46 73 8
46 74 7
46 75 9
46 76 9
46 77 2
46 78 6
46 79 9
46 80 3
46 81 9
46 82 4
46 83 7
46 84 9
46 85 7
46 86 3
46 87 2
46 88 6
46 89 1
46 90 2
46 91 8
46 92 8
46 93 9
46 94 1
46 95 2
46 96 1
46 97 3
46 98 9
46 99 8
46 100 7
47 1 4
47 2 6
47 3 8
47 4 3
47 5 6
47 6 5
47 7 8
47 8 1
47 9 5
47 10 1
47 11 4
47 12 5
47 13 1
47 14 8
47 15 4
47 16 4
47 17 8
47 18 1
47 19 4
47 20 1
47 21 2
47 22 4
47 23 7
47 24 9
47 25 9
47 26 4
47 27 5
47 28 9
47 29 8
47 30 9
47 31 3
47 32 5
47 33 6
47 34 9
47 35 3
47 36 7
47 37 3
47 38 5
47 39 9
47 40 3
47 41 9
47 42 9
47 43 6
47 44 8
47 45 8
47 46 6
47 47 9
47 48 3
47 49 7
47 50 2
47 51 2
47 52 9
47 53 3
47 54 7
47 55 8
47 56 1
47 57 7
47 58 9
47 59 4
47 60 4
47 61 5
47 62 8
47 63 8
47 64 9
47 65 5
47 66 6
47 67 5
47 68 6
47 69 5
47 70 8
47 71 7
47 72 6
47 73 6
47 74 8
47 75 9
47 76 5
47 77 2
47 78 6
47 79 1
47 80 3
47 81 3
47 82 5
47 83 8
47 84 1
47 85 8
47 86 7
47 87 1
47 88 4
47 89 5
47 90 6
47 91 4
47 92 5
47 93 3
47 94 2
47 95 1
47 96 3
47 97 8
47 98 2
47 99 9
47 100 8
48 1 2
48 2 5
48 3 1
48 4 7
48 5 2
48 6 7
48 7 6
48 8 2
48 9 6
48 10 2
48 11 3
48 12 8
48 13 3
48 14 9
48 15 7
48 16 8
48 17 6
48 18 2
48 19 6
48 20 8
48 21 2
48 22 3
48 23 4
48 24 3
48 25 7
48 26 2
48 27 5
48 28 2
48 29 2
48 30 6
48 31 1
48 32 3
48 33 2
48 34 5
48 35 9
48 36 5
48 37 5
48 38 8
48 39 3
48 40 9
48 41 9
48 42 3
48 43 4
48 44 2
48 45 7
48 46 5
48 47 1
48 48 5
48 49 8
48 50 4
48 51 4
48 52 5
48 53 9
48 54 9
48 55 9
48 56 3
48 57 9
48 58 7
48 59 7
48 60 5
48 61 1
48 62 6
48 63 7
48 64 4
48 65 5
48 66 1
48 67 1
48 68 4
48 69 2
48 70 4
48 71 7
48 72 5
48 73 3
48 74 6
48 75 1
48 76 6
48 77 7
48 78 4
48 79 2
48 80 8
48 81 5
48 82 5
48 83 2
48 84 6
48 85 9
48 86 2
48 87 5
48 88 6
48 89 2
48 90 1
48 91 6
48 92 9
48 93 5
48 94 4
48 95 5
48 96 4
48 97 8
48 98 4
48 99 2
48 100 1
49 1 1
49 2 3
49 3 4
49 4 2
49 5 9
49 6 1
49 7 7
49 8 6
49 9 9
49 10 8
49 11 7
49 12 6
49 13 3
49 14 6
49 15 4
49 16 2
49 17 6
49 18 7
49 19 7
49 20 2
49 21 3
49 22 8
49 23 4
49 24 7
49 25 6
49 26 6
49 27 7
49 28 5
49 29 9
49 30 3
49 31 4
49 32 8
49 33 8
49 34 7
49 35 4
49 36 4
49 37 4
49 38 2
49 39 7
49 40 5
49 41 3
49 42 9
49 43 1
49 44 5
49 45 3
49 46 1
49 47 7
49 48 8
49 49 5
49 50 2
49 51 4
49 52 4
49 53 2
49 54 3
49 55 4
49 56 7
49 57 7
49 58 1
49 59 4
49 60 7
49 61 1
49 62 5
49 63 2
49 64 2
49 65 5
49 66 4
49 67 8
49 68 2
49 69 1
49 70 5
49 71 6
49 72 8
49 73 9
49 74 7
49 75 1
49 76 7
49 77 4
49 78 3
49 79 1
49 80 3
49 81 2
49 82 8
49 83 7
49 84 7
49 85 4
49 86 9
49 87 5
49 88 7
49 89 8
49 90 2
49 91 7
49 92 4
49 93 7
49 94 5
49 95 9
49 96 5
49 97 8
49 98 1
49 99 8
49 100 3
50 1 8
50 2 9
50 3 2
50 4 6
50 5 7
50 6 6
50 7 6
50 8 8
50 9 3
50 10 4
50 11 3
50 12 1
50 13 4
50 14 4
50 15 2
50 16 8
50 17 5
50 18 5
50 19 9
50 20 7
50 21 2
50 22 1
50 23 6
50 24 9
50 25 1
50 26 5
50 27 3
50 28 4
50 29 5
50 30 1
50 31 6
50 32 8
50 33 8
50 34 9
50 35 5
50 36 6
50 37 9
50 38 7
50 39 7
50 40 5
50 41 9
50 42 9
50 43 7
50 44 1
50 45 6
50 46 9
50 47 4
50 48 8
50 49 5
50 50 5
50 51 2
50 52 3
50 53 7
50 54 1
50 55 7
50 56 8
50 57 9
50 58 4
50 59 4
50 60 4
50 61 8
50 62 6
50 63 6
50 64 2
50 65 8
50 66 2
50 67 4
50 68 7
50 69 6
50 70 9
50 71 6
50 72 3
50 73 4
50 74 3
50 75 6
50 76 3
50 77 9
50 78 6
50 79 1
50 80 4
50 81 5
50 82 5
50 83 7
50 84 8
50 85 8
50 86 5
50 87 8
50 88 7
50 89 5
50 90 1
50 91 9
50 92 7
50 93 7
50 94 3
50 95 9
50 96 1
50 97 6
50 98 3
50 99 5
50 100 3
51 1 6
51 2 1
51 3 5
51 4 3
51 5 9
51 6 5
51 7 6
51 8 4
51 9 3
51 10 5
51 11 2
51 12 8
51 13 1
51 14 2
51 15 1
51 16 3
51 17 8
51 18 7
51 19 4
51 20 5
51 21 9
51 22 9
51 23 3
51 24 1
51 25 1
51 26 2
51 27 6
51 28 8
51 29 4
51 30 4
51 31 9
51 32 2
51 33 8
51 34 7
51 35 4
51 36 1
51 37 4
51 38 1
51 39 4
51 40 4
51 41 5
51 42 1
51 43 1
51 44 2
51 45 4
51 46 1
51 47 4
51 48 5
51 49 2
51 50 8
51 51 5
51 52 9
51 53 8
51 54 2
51 55 5
51 56 1
51 57 8
51 58 4
51 59 3
51 60 2
51 61 3
51 62 7
51 63 5
51 64 2
51 65 5
51 66 2
51 67 4
51 68 8
51 69 7
51 70 2
51 71 6
51 72 4
51 73 3
51 74 3
51 75 4
51 76 6
51 77 5
51 78 1
51 79 9
51 80 1
51 81 6
51 82 3
51 83 5
51 84 5
51 85 1
51 86 6
51 87 9
51 88 1
51 89 8
51 90 9
51 91 7
51 92 9
51 93 6
51 94 1
51 95 6
51 96 4
51 97 2
51 98 7
51 99 7
51 100 3
52 1 8
52 2 7
52 3 5
52 4 3
52 5 2
52 6 7
52 7 9
52 8 9
52 9 7
52 10 9
52 11 6
52 12 2
52 13 7
52 14 9
52 15 3
52 16 7
52 17 4
52 18 7
52 19 2
52 20 9
52 21 7
52 22 8
52 23 9
52 24 5
52 25 4
52 26 9
52 27 5
52 28 1
52 29 1
52 30 1
52 31 4
52 32 5
52 33 6
52 34 3
52 35 2
52 36 6
52 37 3
52 38 7
52 39 5
52 40 3
52 41 4
52 42 9
52 43 2
52 44 6
52 45 9
52 46 2
52 47 5
52 48 5
52 49 3
52 50 1
52 51 2
52 52 4
52 53 6
52 54 7
52 55 5
52 56 3
52 57 9
52 58 2
52 59 1
52 60 1
52 61 7
52 62 6
52 63 9
52 64 2
52 65 9
52 66 6
52 67 5
52 68 5
52 69 2
52 70 4
52 71 6
52 72 4
52 73 8
52 74 5
52 75 8
52 76 9
52 77 5
52 78 5
52 79 1
52 80 5
52 81 1
52 82 4
52 83 7
52 84 1
52 85 9
52 86 8
52 87 7
52 88 9
52 89 6
52 90 9
52 91 3
52 92 9
52 93 3
52 94 8
52 95 1
52 96 1
52 97 1
52 98 4
52 99 9
52 100 1
53 1 9
53 2 9
53 3 3
53 4 3
53 5 9
53 6 6
53 7 2
53 8 2
53 9 1
53 10 4
53 11 4
53 12 7
53 13 7
53 14 7
53 15 9
53 16 2
53 17 2
53 18 4
53 19 4
53 20 5
53 21 6
53 22 8
53 23 1
53 24 2
53 25 9
53 26 6
53 27 5
53 28 6
53 29 4
53 30 9
53 31 8
53 32 8
53 33 1
53 34 4
53 35 2
53 36 3
53 37 3
53 38 2
53 39 9
53 40 7
53 41 1
53 42 2
53 43 1
53 44 4
53 45 8
53 46 1
53 47 9
53 48 3
53 49 4
53 50 9
53 51 5
53 52 5
53 53 5
53 54 9
53 55 2
53 56 9
53 57 1
53 58 3
53 59 5
53 60 2
53 61 2
53 62 8
53 63 3
53 64 9
53 65 1
53 66 1
53 67 7
53 68 9
53 69 6
53 70 1
53 71 6
53 72 3
53 73 8
53 74 7
53 75 2
53 76 5
53 77 3
53 78 3
53 79 3
53 80 6
53 81 6
53 82 7
53 83 1
53 84 2
53 85 7
53 86 9
53 87 5
53 88 2
53 89 2
53 90 5
53 91 2
53 92 9
53 93 7
53 94 4
53 95 5
53 96 7
53 97 8
53 98 8
53 99 3
53 100 4
54 1 1
54 2 4
54 3 2
54 4 2
54 5 9
54 6 2
54 7 4
54 8 2
54 9 6
54 10 4
54 11 6
54 12 7
54 13 9
54 14 4
54 15 9
54 16 9
54 17 6
54 18 6
54 19 8
54 20 3
54 21 4
54 22 9
54 23 5
54 24 6
54 25 8
54 26 3
54 27 7
54 28 2
54 29 4
54 30 2
54 31 8
54 32 6
54 33 2
54 34 2
54 35 1
54 36 9
54 37 8
54 38 8
54 39 3
54 40 3
54 41 9
54 42 8
54 43 8
54 44 8
54 45 1
54 46 2
54 47 6
54 48 8
54 49 7
54 50 9
54 51 6
54 52 9
54 53 5
54 54 7
54 55 9
54 56 6
54 57 5
54 58 5
54 59 2
54 60 9
54 61 9
54 62 2
54 63 4
54 64 6
54 65 8
54 66 6
54 67 8
54 68 8
54 69 9
54 70 6
54 71 3
54 72 3
54 73 6
54 74 6
54 75 1
54 76 9
54 77 1
54 78 7
54 79 7
54 80 7
54 81 2
54 82 1
54 83 7
54 84 4
54 85 4
54 86 4
54 87 2
54 88 4
54 89 3
54 90 6
54 91 8
54 92 6
54 93 9
54 94 3
54 95 3
54 96 5
54 97 5
54 98 2
54 99 1
54 100 2
55 1 6
55 2 6
55 3 4
55 4 6
55 5 5
55 6 6
55 7 9
55 8 7
55 9 6
55 10 5
55 11 5
55 12 7
55 13 6
55 14 2
55 15 5
55 16 4
55 17 9
55 18 7
55 19 5
55 20 5
55 21 3
55 22 8
55 23 5
55 24 8
55 25 8
55 26 7
55 27 4
55 28 3
55 29 2
55 30 2
55 31 7
55 32 7
55 33 8
55 34 1
55 35 8
55 36 5
55 37 6
55 38 3
55 39 3
55 40 4
55 41 9
55 42 7
55 43 5
55 44 5
55 45 7
55 46 9
55 47 8
55 48 2
55 49 4
55 50 8
55 51 2
55 52 4
55 53 2
55 54 3
55 55 6
55 56 2
55 57 2
55 58 7
55 59 4
55 60 7
55 61 2
55 62 2
55 63 8
55 64 9
55 65 3
55 66 9
55 67 3
55 68 2
55 69 9
55 70 2
55 71 8
55 72 2
55 73 8
55 74 5
55 75 6
55 76 3
55 77 4
55 78 2
55 79 2
55 80 9
55 81 7
55 82 1
55 83 2
55 84 1
55 85 9
55 86 3
55 87 4
55 88 4
55 89 2
55 90 4
55 91 9
55 92 6
55 93 2
55 94 5
55 95 7
55 96 1
55 97 7
55 98 1
55 99 1
55 100 5
56 1 7
56 2 8
56 3 1
56 4 2
56 5 5
56 6 6
56 7 1
56 8 7
56 9 4
56 10 7
56 11 3
56 12 4
56 13 5
56 14 5
56 15 9
56 16 2
56 17 9
56 18 7
56 19 8
56 20 2
56 21 7
56 22 5
56 23 7
56 24 3
56 25 7
56 26 9
56 27 9
56 28 6
56 29 4
56 30 7
56 31 1
56 32 1
56 33 8
56 34 1
56 35 4
56 36 5
56 37 8
56 38 4
56 39 8
56 40 9
56 41 4
56 42 7
56 43 6
56 44 1
56 45 1
56 46 7
56 47 9
56 48 6
56 49 5
56 50 2
56 51 2
56 52 9
56 53 3
56 54 2
56 55 5
56 56 2
56 57 8
56 58 9
56 59 3
56 60 2
56 61 2
56 62 1
56 63 5
56 64 5
56 65 9
56 66 7
56 67 9
56 68 5
56 69 4
56 70 9
56 71 9
56 72 8
56 73 3
56 74 5
56 75 7
56 76 7
56 77 5
56 78 6
56 79 5
56 80 8
56 81 9
56 82 6
56 83 4
56 84 6
56 85 9
56 86 1
56 87 6
56 88 3
56 89 7
56 90 4
56 91 9
56 92 3
56 93 5
56 94 4
56 95 2
56 96 4
56 97 3
56 98 4
56 99 9
56 100 3
57 1 1
57 2 3
57 3 3
57 4 5
57 5 3
57 6 9
57 7 1
57 8 9
57 9 8
57 10 6
57 11 6
57 12 7
57 13 7
57 14 7
57 15 4
57 16 7
57 17 8
57 18 9
57 19 2
57 20 7
57 21 1
57 22 8
57 23 5
57 24 8
57 25 9
57 26 8
57 27 2
57 28 6
57 29 9
57 30 7
57 31 2
57 32 9
57 33 1
57 34 3
57 35 4
57 36 3
57 37 1
57 38 4
57 39 7
57 40 3
57 41 4
57 42 3
57 43 5
57 44 2
57 45 4
57 46 3
57 47 1
57 48 9
57 49 3
57 50 5
57 51 2
57 52 6
57 53 5
57 54 6
57 55 4
57 56 5
57 57 3
57 58 7
57 59 2
57 60 3
57 61 4
57 62 4
57 63 1
57 64 1
57 65 7
57 66 1
57 67 7
57 68 4
57 69 5
57 70 6
57 71 1
57 72 6
57 73 3
57 74 7
57 75 1
57 76 1
57 77 4
57 78 1
57 79 7
57 80 2
57 81 9
57 82 3
57 83 4
57 84 2
57 85 6
57 86 5
57 87 8
57 88 4
57 89 7
57 90 9
57 91 3
57 92 3
57 93 2
57 94 2
57 95 9
57 96 1
57 97 4
57 98 8
57 99 4
57 100 8
58 1 7
58 2 5
58 3 9
58 4 9
58 5 7
58 6 5
58 7 7
58 8 4
58 9 1
58 10 9
58 11 4
58 12 3
58 13 1
58 14 4
58 15 8
58 16 9
58 17 2
58 18 6
58 19 4
58 20 2
58 21 2
58 22 2
58 23 3
58 24 7
58 25 7
58 26 8
58 27 8
58 28 1
58 29 1
58 30 6
58 31 9
58 32 2
58 33 1
58 34 6
58 35 4
58 36 2
58 37 6
58 38 4
58 39 2
58 40 3
58 41 2
58 42 4
58 43 5
58 44 8
58 45 2
58 46 7
58 47 8
58 48 3
58 49 8
58 50 4
58 51 6
58 52 4
58 53 4
58 54 7
58 55 6
58 56 8
58 57 2
58 58 3
58 59 5
58 60 9
58 61 2
58 62 5
58 63 5
58 64 8
58 65 3
58 66 8
58 67 2
58 68 6
58 69 1
58 70 3
58 71 1
58 72 7
58 73 4
58 74 4
58 75 2
58 76 7
58 77 6
58 78 7
58 79 5
58 80 4
58 81 9
58 82 2
58 83 7
58 84 2
58 85 1
58 86 2
58 87 7
58 88 7
58 89 8
58 90 9
58 91 8
58 92 3
58 93 9
58 94 8
58 95 1
58 96 2
58 97 6
58 98 5
58 99 1
58 100 9
59 1 7
59 2 5
59 3 3
59 4 6
59 5 8
59 6 9
59 7 7
59 8 1
59 9 1
59 10 4
59 11 8
59 12 3
59 13 5
59 14 1
59 15 9
59 16 4
59 17 6
59 18 9
59 19 7
59 20 8
59 21 9
59 22 2
59 23 7
59 24 6
59 25 5
59 26 3
59 27 1
59 28 8
59 29 7
59 30 5
59 31 8
59 32 2
59 33 5
59 34 9
59 35 4
59 36 7
59 37 3
59 38 6
59 39 3
59 40 2
59 41 6
59 42 7
59 43 9
59 44 2
59 45 2
59 46 8
59 47 8
59 48 3
59 49 3
59 50 5
59 51 2
59 52 7
59 53 7
59 54 5
59 55 4
59 56 5
59 57 2
59 58 8
59 59 7
59 60 1
59 61 2
59 62 1
59 63 8
59 64 6
59 65 8
59 66 6
59 67 7
59 68 8
59 69 3
59 70 6
59 71 2
59 72 8
59 73 7
59 74 6
59 75 2
59 76 4
59 77 2
59 78 4
59 79 8
59 80 4
59 81 4
59 82 5
59 83 9
59 84 6
59 85 3
59 86 8
59 87 1
59 88 2
59 89 2
59 90 7
59 91 5
59 92 4
59 93 4
59 94 2
59 95 4
59 96 1
59 97 6
59 98 6
59 99 6
59 100 4
60 1 1
60 2 5
60 3 2
60 4 3
60 5 8
60 6 6
60 7 6
60 8 9
60 9 3
60 10 5
60 11 9
60 12 9
60 13 2
60 14 2
60 15 5
60 16 4
60 17 5
60 18 5
60 19 7
60 20 1
60 21 8
60 22 2
60 23 8
60 24 4
60 25 2
60 26 7
60 27 9
60 28 6
60 29 3
60 30 2
60 31 1
60 32 4
60 33 8
60 34 7
60 35 3
60 36 2
60 37 4
60 38 9
60 39 2
60 40 3
60 41 7
60 42 8
60 43 5
60 44 5
60 45 2
60 46 7
60 47 4
60 48 8
60 49 6
60 50 5
60 51 4
60 52 3
60 53 1
60 54 6
60 55 3
60 56 5
60 57 5
60 58 5
60 59 6
60 60 2
60 61 5
60 62 5
60 63 5
60 64 4
60 65 6
60 66 5
60 67 3
60 68 1
60 69 8
60 70 8
60 71 5
60 72 8
60 73 9
60 74 9
60 75 4
60 76 3
60 77 8
60 78 5
60 79 4
60 80 3
60 81 2
60 82 4
60 83 3
60 84 6
60 85 4
60 86 8
60 87 5
60 88 3
60 89 2
60 90 9
60 91 1
60 92 5
60 93 8
60 94 4
60 95 6
60 96 2
60 97 6
60 98 4
60 99 1
60 100 1
61 1 9
61 2 3
61 3 2
61 4 4
61 5 3
61 6 4
61 7 4
61 8 1
61 9 6
61 10 9
61 11 5
61 12 6
61 13 6
61 14 6
61 15 8
61 16 4
61 17 1
61 18 8
61 19 7
61 20 9
61 21 1
61 22 4
61 23 9
61 24 4
61 25 4
61 26 5
61 27 9
61 28 7
61 29 9
61 30 9
61 31 1
61 32 7
61 33 9
61 34 9
61 35 2
61 36 4
61 37 1
61 38 5
61 39 3
61 40 6
61 41 5
61 42 2
61 43 1
61 44 6
61 45 5
61 46 4
61 47 1
61 48 3
61 49 2
61 50 3
61 51 4
61 52 3
61 53 9
61 54 6
61 55 2
61 56 2
61 57 8
61 58 6
61 59 4
61 60 2
61 61 9
61 62 7
61 63 9
61 64 6
61 65 1
61 66 9
61 67 8
61 68 6
61 69 1
61 70 8
61 71 6
61 72 9
61 73 8
61 74 7
61 75 2
61 76 5
61 77 5
61 78 3
61 79 8
61 80 1
61 81 8
61 82 5
61 83 5
61 84 8
61 85 4
61 86 6
61 87 7
61 88 2
61 89 5
61 90 4
61 91 9
61 92 1
61 93 2
61 94 8
61 95 8
61 96 7
61 97 9
61 98 2
61 99 8
61 100 8
62 1 2
62 2 8
62 3 9
62 4 1
62 5 6
62 6 3
62 7 8
62 8 1
62 9 6
62 10 6
62 11 2
62 12 1
62 13 5
62 14 2
62 15 8
62 16 2
62 17 1
62 18 5
62 19 4
62 20 5
62 21 9
62 22 8
62 23 2
62 24 2
62 25 5
62 26 1
62 27 2
62 28 6
62 29 9
62 30 4
62 31 5
62 32 6
62 33 1
62 34 2
62 35 9
62 36 8
62 37 9
62 38 3
62 39 5
62 40 2
62 41 6
62 42 7
62 43 5
62 44 8
62 45 5
62 46 1
62 47 5
62 48 5
62 49 1
62 50 2
62 51 4
62 52 8
62 53 2
62 54 3
62 55 5
62 56 7
62 57 2
62 58 1
62 59 4
62 60 4
62 61 9
62 62 5
62 63 2
62 64 2
62 65 8
62 66 4
62 67 6
62 68 1
62 69 5
62 70 9
62 71 6
62 72 9
62 73 1
62 74 2
62 75 1
62 76 3
62 77 4
62 78 7
62 79 8
62 80 7
62 81 1
62 82 5
62 83 1
62 84 4
62 85 4
62 86 4
62 87 5
62 88 4
62 89 9
62 90 5
62 91 1
62 92 9
62 93 9
62 94 1
62 95 7
62 96 1
62 97 2
62 98 7
62 99 3
62 100 9
63 1 4
63 2 5
63 3 7
63 4 2
63 5 5
63 6 1
63 7 8
63 8 6
63 9 9
63 10 2
63 11 4
63 12 8
63 13 4
63 14 7
63 15 9
63 16 4
63 17 8
63 18 1
63 19 3
63 20 2
63 21 9
63 22 1
63 23 1
63 24 7
63 25 3
63 26 8
63 27 2
63 28 6
63 29 1
63 30 4
63 31 5
63 32 7
63 33 5
63 34 3
63 35 1
63 36 2
63 37 9
63 38 4
63 39 9
63 40 1
63 41 4
63 42 2
63 43 2
63 44 8
63 45 9
63 46 1
63 47 7
63 48 5
63 49 8
63 50 1
63 51 7
63 52 1
63 53 5
63 54 6
63 55 2
63 56 2
63 57 3
63 58 4
63 59 5
63 60 7
63 61 9
63 62 7
63 63 8
63 64 8
63 65 3
63 66 1
63 67 8
63 68 3
63 69 7
63 70 8
63 71 8
63 72 7
63 73 3
63 74 9
63 75 3
63 76 1
63 77 2
63 78 4
63 79 1
63 80 8
63 81 3
63 82 4
63 83 5
63 84 6
63 85 4
63 86 6
63 87 7
63 88 7
63 89 4
63 90 9
63 91 5
63 92 5
63 93 8
63 94 8
63 95 6
63 96 1
63 97 7
63 98 2
63 99 4
63 100 9
64 1 8
64 2 3
64 3 5
64 4 4
64 5 7
64 6 6
64 7 3
64 8 7
64 9 9
64 10 5
64 11 7
64 12 4
64 13 2
64 14 9
64 15 6
64 16 7
64 17 9
64 18 1
64 19 1
64 20 5
64 21 5
64 22 8
64 23 8
64 24 2
64 25 5
64 26 7
64 27 2
64 28 6
64 29 5
64 30 6
64 31 2
64 32 4
64 33 6
64 34 3
64 35 1
64 36 7
64 37 4
64 38 7
64 39 7
64 40 4
64 41 3
64 42 8
64 43 8
64 44 7
64 45 3
64 46 9
64 47 4
64 48 4
64 49 7
64 50 5
64 51 6
64 52 7
64 53 6
64 54 2
64 55 9
64 56 6
64 57 7
64 58 4
64 59 6
64 60 4
64 61 6
64 62 8
64 63 3
64 64 5
64 65 9
64 66 5
64 67 9
64 68 4
64 69 8
64 70 5
64 71 1
64 72 8
64 73 9
64 74 9
64 75 2
64 76 5
64 77 9
64 78 2
64 79 9
64 80 6
64 81 9
64 82 6
64 83 1
64 84 2
64 85 5
64 86 8
64 87 9
64 88 9
64 89 6
64 90 1
64 91 9
64 92 7
64 93 5
64 94 9
64 95 5
64 96 7
64 97 3
64 98 6
64 99 4
64 100 6
65 1 4
65 2 1
65 3 2
65 4 9
65 5 5
65 6 9
65 7 8
65 8 8
65 9 3
65 10 3
65 11 4
65 12 8
65 13 6
65 14 7
65 15 6
65 16 8
65 17 8
65 18 5
65 19 4
65 20 5
65 21 8
65 22 3
65 23 8
65 24 1
65 25 2
65 26 3
65 27 4
65 28 6
65 29 2
65 30 1
65 31 8
65 32 9
65 33 4
65 34 2
65 35 7
65 36 2
65 37 4
65 38 3
65 39 3
65 40 3
65 41 6
65 42 8
65 43 5
65 44 5
65 45 9
65 46 6
65 47 1
65 48 6
65 49 6
65 50 6
65 51 6
65 52 4
65 53 1
65 54 1
65 55 4
65 56 2
65 57 5
65 58 3
65 59 7
65 60 8
65 61 9
65 62 7
65 63 2
65 64 8
65 65 4
65 66 9
65 67 3
65 68 1
65 69 5
65 70 3
65 71 8
65 72 4
65 73 7
65 74 1
65 75 5
65 76 8
65 77 3
65 78 5
65 79 4
65 80 2
65 81 1
65 82 3
65 83 3
65 84 8
65 85 6
65 86 9
65 87 9
65 88 2
65 89 2
65 90 9
65 91 3
65 92 9
65 93 4
65 94 8
65 95 8
65 96 3
65 97 2
65 98 4
65 99 1
65 100 9
66 1 9
66 2 1
66 3 1
66 4 8
66 5 6
66 6 7
66 7 8
66 8 4
66 9 8
66 10 2
66 11 9
66 12 3
66 13 2
66 14 1
66 15 7
66 16 4
66 17 1
66 18 2
66 19 8
66 20 8
66 21 7
66 22 8
66 23 4
66 24 5
66 25 3
66 26 3
66 27 4
66 28 4
66 29 3
66 30 1
66 31 4
66 32 9
66 33 8
66 34 6
66 35 9
66 36 1
66 37 2
66 38 7
66 39 2
66 40 9
66 41 6
66 42 7
66 43 1
66 44 2
66 45 6
66 46 9
66 47 8
66 48 1
66 49 5
66 50 8
66 51 9
66 52 3
66 53 5
66 54 8
66 55 6
66 56 9
66 57 7
66 58 9
66 59 6
66 60 3
66 61 5
66 62 9
66 63 5
66 64 5
66 65 4
66 66 9
66 67 4
66 68 5
66 69 9
66 70 8
66 71 5
66 72 7
66 73 4
66 74 8
66 75 8
66 76 8
66 77 1
66 78 7
66 79 9
66 80 8
66 81 3
66 82 4
66 83 7
66 84 3
66 85 8
66 86 5
66 87 8
66 88 7
66 89 9
66 90 7
66 91 1
66 92 9
66 93 9
66 94 6
66 95 1
66 96 7
66 97 7
66 98 1
66 99 5
66 100 6
67 1 8
67 2 3
67 3 7
67 4 2
67 5 8
67 6 2
67 7 2
67 8 6
67 9 4
67 10 4
67 11 2
67 12 4
67 13 5
67 14 4
67 15 7
67 16 7
67 17 7
67 18 5
67 19 7
67 20 5
67 21 1
67 22 8
67 23 2
67 24 9
67 25 8
67 26 5
67 27 6
67 28 6
67 29 2
67 30 8
67 31 5
67 32 2
67 33 6
67 34 7
67 35 9
67 36 2
67 37 9
67 38 6
67 39 3
67 40 7
67 41 9
67 42 8
67 43 7
67 44 2
67 45 2
67 46 6
67 47 8
67 48 9
67 49 7
67 50 7
67 51 2
67 52 2
67 53 6
67 54 2
67 55 2
67 56 2
67 57 8
67 58 1
67 59 7
67 60 8
67 61 7
67 62 9
67 63 3
67 64 7
67 65 6
67 66 6
67 67 8
67 68 3
67 69 5
67 70 6
67 71 6
67 72 4
67 73 2
67 74 8
67 75 8
67 76 4
67 77 3
67 78 9
67 79 6
67 80 1
67 81 1
67 82 7
67 83 6
67 84 8
67 85 5
67 86 8
67 87 7
67 88 7
67 89 6
67 90 8
67 91 1
67 92 8
67 93 2
67 94 2
67 95 6
67 96 9
67 97 2
67 98 6
67 99 1
67 100 1
68 1 3
68 2 7
68 3 5
68 4 7
68 5 3
68 6 9
68 7 1
68 8 5
68 9 6
68 10 9
68 11 3
68 12 9
68 13 1
68 14 5
68 15 9
68 16 7
68 17 6
68 18 3
68 19 2
68 20 6
68 21 9
68 22 6
68 23 2
68 24 5
68 25 5
68 26 6
68 27 3
68 28 6
68 29 5
68 30 4
68 31 8
68 32 6
68 33 1
68 34 8
68 35 6
68 36 9
68 37 9
68 38 2
68 39 5
68 40 9
68 41 9
68 42 6
68 43 1
68 44 2
68 45 6
68 46 1
68 47 2
68 48 8
68 49 2
68 50 8
68 51 9
68 52 9
68 53 4
68 54 7
68 55 6
68 56 3
68 57 6
68 58 3
68 59 2
68 60 2
68 61 6
68 62 8
68 63 9
68 64 8
68 65 7
68 66 8
68 67 9
68 68 9
68 69 3
68 70 9
68 71 3
68 72 2
68 73 7
68 74 6
68 75 4
68 76 5
68 77 2
68 78 8
68 79 6
68 80 9
68 81 2
68 82 2
68 83 2
68 84 2
68 85 7
68 86 9
68 87 7
68 88 5
68 89 3
68 90 5
68 91 2
68 92 2
68 93 8
68 94 9
68 95 2
68 96 2
68 97 7
68 98 2
68 99 8
68 100 7
69 1 5
69 2 1
69 3 7
69 4 2
69 5 2
69 6 4
69 7 6
69 8 1
69 9 7
69 10 5
69 11 5
69 12 6
69 13 8
69 14 9
69 15 3
69 16 4
69 17 2
69 18 2
69 19 6
69 20 9
69 21 9
69 22 1
69 23 5
69 24 6
69 25 7
69 26 9
69 27 1
69 28 5
69 29 7
69 30 5
69 31 7
69 32 2
69 33 2
69 34 6
69 35 1
69 36 9
69 37 2
69 38 4
69 39 6
69 40 2
69 41 4
69 42 2
69 43 2
69 44 6
69 45 9
69 46 9
69 47 2
69 48 1
69 49 6
69 50 4
69 51 2
69 52 7
69 53 9
69 54 3
69 55 6
69 56 4
69 57 2
69 58 1
69 59 9
69 60 6
69 61 8
69 62 8
69 63 6
69 64 7
69 65 4
69 66 6
69 67 7
69 68 5
69 69 8
69 70 9
69 71 8
69 72 5
69 73 2
69 74 3
69 75 4
69 76 1
69 77 7
69 78 4
69 79 2
69 80 9
69 81 7
69 82 1
69 83 9
69 84 4
69 85 9
69 86 4
69 87 1
69 88 9
69 89 6
69 90 7
69 91 7
69 92 4
69 93 4
69 94 4
69 95 7
69 96 2
69 97 9
69 98 7
69 99 6
69 100 8
70 1 2
70 2 6
70 3 5
70 4 5
70 5 5
70 6 7
70 7 1
70 8 3
70 9 8
70 10 5
70 11 9
70 12 1
70 13 5
70 14 9
70 15 9
70 16 6
70 17 3
70 18 1
70 19 4
70 20 3
70 21 8
70 22 6
70 23 5
70 24 8
70 25 5
70 26 2
70 27 8
70 28 5
70 29 5
70 30 2
70 31 9
70 32 6
70 33 1
70 34 2
70 35 6
70 36 7
70 37 4
70 38 6
70 39 2
70 40 1
70 41 9
70 42 4
70 43 9
70 44 9
70 45 7
70 46 1
70 47 9
70 48 3
70 49 3
70 50 3
70 51 7
70 52 2
70 53 5
70 54 3
70 55 5
70 56 7
70 57 4
70 58 5
70 59 8
70 60 3
70 61 1
70 62 3
70 63 3
70 64 5
70 65 4
70 66 9
70 67 8
70 68 6
70 69 1
70 70 5
70 71 7
70 72 3
70 73 2
70 74 7
70 75 8
70 76 5
70 77 2
70 78 5
70 79 6
70 80 7
70 81 6
70 82 3
70 83 6
70 84 1
70 85 9
70 86 3
70 87 7
70 88 1
70 89 1
70 90 3
70 91 8
70 92 5
70 93 8
70 94 3
70 95 8
70 96 5
70 97 9
70 98 7
70 99 5
70 100 8
71 1 3
71 2 6
71 3 5
71 4 1
71 5 5
71 6 7
71 7 7
71 8 6
71 9 1
71 10 4
71 11 8
71 12 3
71 13 3
71 14 7
71 15 6
71 16 5
71 17 5
71 18 8
71 19 5
71 20 1
71 21 5
71 22 3
71 23 2
71 24 3
71 25 2
71 26 9
71 27 9
71 28 2
71 29 4
71 30 2
71 31 3
71 32 7
71 33 1
71 34 8
71 35 4
71 36 7
71 37 7
71 38 3
71 39 2
71 40 4
71 41 7
71 42 7
71 43 2
71 44 5
71 45 9
71 46 7
71 47 5
71 48 3
71 49 5
71 50 5
71 51 1
71 52 6
71 53 4
71 54 6
71 55 5
71 56 8
71 57 4
71 58 6
71 59 2
71 60 3
71 61 2
71 62 2
71 63 7
71 64 6
71 65 7
71 66 7
71 67 8
71 68 5
71 69 1
71 70 2
71 71 5
71 72 4
71 73 1
71 74 1
71 75 2
71 76 2
71 77 6
71 78 6
71 79 6
71 80 9
71 81 1
71 82 2
71 83 9
71 84 5
71 85 5
71 86 5
71 87 9
71 88 4
71 89 8
71 90 4
71 91 1
71 92 4
71 93 1
71 94 9
71 95 1
71 96 3
71 97 4
71 98 2
71 99 2
71 100 3
72 1 6
72 2 2
72 3 1
72 4 7
72 5 5
72 6 2
72 7 2
72 8 2
72 9 4
72 10 3
72 11 8
72 12 8
72 13 3
72 14 4
72 15 9
72 16 7
72 17 5
72 18 4
72 19 1
72 20 1
72 21 4
72 22 4
72 23 9
72 24 2
72 25 8
72 26 3
72 27 7
72 28 5
72 29 2
72 30 5
72 31 6
72 32 9
72 33 5
72 34 4
72 35 2
72 36 8
72 37 2
72 38 7
72 39 2
72 40 2
72 41 3
72 42 8
72 43 2
72 44 7
72 45 4
72 46 8
72 47 1
72 48 7
72 49 5
72 50 6
72 51 7
72 52 2
72 53 4
72 54 7
72 55 1
72 56 5
72 57 2
72 58 8
72 59 6
72 60 4
72 61 4
72 62 6
72 63 6
72 64 5
72 65 2
72 66 3
72 67 2
72 68 2
72 69 4
72 70 9
72 71 8
72 72 8
72 73 2
72 74 3
72 75 2
72 76 4
72 77 7
72 78 8
72 79 6
72 80 1
72 81 8
72 82 6
72 83 4
72 84 8
72 85 8
72 86 8
72 87 3
72 88 9
72 89 7
72 90 2
72 91 7
72 92 2
72 93 2
72 94 2
72 95 5
72 96 9
72 97 2
72 98 9
72 99 2
72 100 4
73 1 8
73 2 2
73 3 4
73 4 1
73 5 1
73 6 2
73 7 5
73 8 2
73 9 4
73 10 2
73 11 3
73 12 4
73 13 1
73 14 2
73 15 6
73 16 7
73 17 2
73 18 3
73 19 2
73 20 3
73 21 8
73 22 1
73 23 2
73 24 1
73 25 7
73 26 1
73 27 5
73 28 1
73 29 5
73 30 2
73 31 1
73 32 8
73 33 3
73 34 3
73 35 3
73 36 8
73 37 8
73 38 1
73 39 9
73 40 3
73 41 7
73 42 2
73 43 1
73 44 2
73 45 5
73 46 5
73 47 5
73 48 9
73 49 3
73 50 8
73 51 7
73 52 6
73 53 9
73 54 2
73 55 9
73 56 8
73 57 7
73 58 4
73 59 9
73 60 7
73 61 6
73 62 9
73 63 9
73 64 1
73 65 9
73 66 6
73 67 4
73 68 8
73 69 8
73 70 8
73 71 4
73 72 1
73 73 5
73 74 2
73 75 8
73 76 5
73 77 5
73 78 4
73 79 9
73 80 3
73 81 4
73 82 6
73 83 9
73 84 9
73 85 5
73 86 8
73 87 8
73 88 9
73 89 5
73 90 7
73 91 9
73 92 2
73 93 8
73 94 6
73 95 6
73 96 6
73 97 7
73 98 8
73 99 5
73 100 6
74 1 9
74 2 4
74 3 3
74 4 4
74 5 7
74 6 6
74 7 5
74 8 5
74 9 4
74 10 2
74 11 6
74 12 3
74 13 8
74 14 5
74 15 6
74 16 1
74 17 2
74 18 2
74 19 5
74 20 1
74 21 4
74 22 7
74 23 8
74 24 1
74 25 2
74 26 7
74 27 9
74 28 2
74 29 3
74 30 9
74 31 1
74 32 1
74 33 8
74 34 3
74 35 2
74 36 3
74 37 4
74 38 8
74 39 3
74 40 6
74 41 3
74 42 9
74 43 7
74 44 8
74 45 5
74 46 9
74 47 1
74 48 9
74 49 2
74 50 5
74 51 5
74 52 5
74 53 4
74 54 2
74 55 4
74 56 1
74 57 7
74 58 1
74 59 4
74 60 3
74 61 4
74 62 7
74 63 7
74 64 3
74 65 8
74 66 8
74 67 7
74 68 1
74 69 1
74 70 1
74 71 5
74 72 1
74 73 1
74 74 5
74 75 6
74 76 6
74 77 9
74 78 2
74 79 6
74 80 4
74 81 2
74 82 8
74 83 6
74 84 5
74 85 9
74 86 4
74 87 6
74 88 4
74 89 3
74 90 5
74 91 4
74 92 9
74 93 8
74 94 5
74 95 4
74 96 1
74 97 7
74 98 7
74 99 2
74 100 3
75 1 6
75 2 3
75 3 5
75 4 9
75 5 5
75 6 4
75 7 5
75 8 1
75 9 1
75 10 6
75 11 2
75 12 4
75 13 6
75 14 3
75 15 3
75 16 7
75 17 2
75 18 1
75 19 2
75 20 3
75 21 1
75 22 2
75 23 9
75 24 9
75 25 4
75 26 1
75 27 1
75 28 6
75 29 6
75 30 4
75 31 9
75 32 5
75 33 7
75 34 2
75 35 9
75 36 2
75 37 2
75 38 7
75 39 4
75 40 9
75 41 7
75 42 4
75 43 4
75 44 1
75 45 5
75 46 7
75 47 3
75 48 8
75 49 2
75 50 6
75 51 7
75 52 1
75 53 5
75 54 3
75 55 2
75 56 3
75 57 2
75 58 7
75 59 4
75 60 5
75 61 9
75 62 7
75 63 3
75 64 2
75 65 5
75 66 8
75 67 7
75 68 2
75 69 1
75 70 8
75 71 6
75 72 1
75 73 9
75 74 1
75 75 1
75 76 4
75 77 5
75 78 6
75 79 2
75 80 1
75 81 3
75 82 7
75 83 6
75 84 9
75 85 7
75 86 8
75 87 9
75 88 6
75 89 1
75 90 6
75 91 8
75 92 3
75 93 5
75 94 5
75 95 5
75 96 9
75 97 5
75 98 9
75 99 4
75 100 2
76 1 9
76 2 7
76 3 4
76 4 9
76 5 6
76 6 3
76 7 5
76 8 6
76 9 9
76 10 9
76 11 5
76 12 3
76 13 7
76 14 1
76 15 9
76 16 8
76 17 4
76 18 8
76 19 3
76 20 2
76 21 5
76 22 1
76 23 9
76 24 3
76 25 6
76 26 4
76 27 7
76 28 6
76 29 2
76 30 9
76 31 6
76 32 5
76 33 5
76 34 6
76 35 4
76 36 9
76 37 3
76 38 3
76 39 6
76 40 4
76 41 5
76 42 2
76 43 9
76 44 1
76 45 1
76 46 1
76 47 7
76 48 9
76 49 6
76 50 5
76 51 6
76 52 8
76 53 4
76 54 5
76 55 5
76 56 8
76 57 8
76 58 3
76 59 3
76 60 6
76 61 7
76 62 3
76 63 7
76 64 2
76 65 2
76 66 7
76 67 7
76 68 9
76 69 3
76 70 7
76 71 9
76 72 1
76 73 5
76 74 8
76 75 4
76 76 8
76 77 2
76 78 4
76 79 3
76 80 4
76 81 9
76 82 5
76 83 2
76 84 1
76 85 5
76 86 6
76 87 1
76 88 7
76 89 2
76 90 3
76 91 8
76 92 5
76 93 9
76 94 8
76 95 2
76 96 6
76 97 6
76 98 2
76 99 3
76 100 6
77 1 7
77 2 7
77 3 3
77 4 5
77 5 4
77 6 7
77 7 6
77 8 7
77 9 9
77 10 3
77 11 2
77 12 6
77 13 6
77 14 9
77 15 6
77 16 6
77 17 6
77 18 3
77 19 8
77 20 7
77 21 6
77 22 3
77 23 1
77 24 3
77 25 7
77 26 8
77 27 3
77 28 1
77 29 9
77 30 1
77 31 5
77 32 7
77 33 8
77 34 3
77 35 7
77 36 9
77 37 4
77 38 4
77 39 7
77 40 8
77 41 4
77 42 4
77 43 3
77 44 9
77 45 8
77 46 7
77 47 8
77 48 1
77 49 2
77 50 6
77 51 6
77 52 9
77 53 5
77 54 7
77 55 9
77 56 5
77 57 9
77 58 3
77 59 4
77 60 7
77 61 3
77 62 5
77 63 3
77 64 1
77 65 7
77 66 5
77 67 9
77 68 9
77 69 2
77 70 7
77 71 9
77 72 1
77 73 8
77 74 8
77 75 7
77 76 2
77 77 6
77 78 6
77 79 5
77 80 1
77 81 3
77 82 7
77 83 2
77 84 3
77 85 2
77 86 6
77 87 1
77 88 8
77 89 5
77 90 1
77 91 7
77 92 1
77 93 4
77 94 3
77 95 4
77 96 8
77 97 3
77 98 8
77 99 3
77 100 3
78 1 9
78 2 6
78 3 8
78 4 8
78 5 7
78 6 2
78 7 2
78 8 2
78 9 7
78 10 2
78 11 4
78 12 4
78 13 7
78 14 9
78 15 5
78 16 5
78 17 5
78 18 3
78 19 3
78 20 8
78 21 2
78 22 9
78 23 6
78 24 9
78 25 7
78 26 1
78 27 9
78 28 6
78 29 3
78 30 7
78 31 5
78 32 6
78 33 3
78 34 8
78 35 1
78 36 4
78 37 3
78 38 5
78 39 1
78 40 6
78 41 1
78 42 8
78 43 2
78 44 6
78 45 7
78 46 2
78 47 2
78 48 7
78 49 2
78 50 5
78 51 8
78 52 9
78 53 1
78 54 6
78 55 7
78 56 7
78 57 5
78 58 5
78 59 5
78 60 8
78 61 8
78 62 8
78 63 7
78 64 9
78 65 8
78 66 3
78 67 7
78 68 7
78 69 7
78 70 7
78 71 6
78 72 1
78 73 5
78 74 4
78 75 1
78 76 7
78 77 6
78 78 4
78 79 3
78 80 7
78 81 8
78 82 6
78 83 4
78 84 9
78 85 2
78 86 8
78 87 4
78 88 2
78 89 2
78 90 5
78 91 7
78 92 8
78 93 5
78 94 7
78 95 3
78 96 1
78 97 2
78 98 2
78 99 7
78 100 3
79 1 9
79 2 3
79 3 3
79 4 9
79 5 4
79 6 7
79 7 2
79 8 7
79 9 9
79 10 3
79 11 6
79 12 8
79 13 9
79 14 1
79 15 9
79 16 3
79 17 1
79 18 4
79 19 4
79 20 5
79 21 9
79 22 1
79 23 8
79 24 9
79 25 8
79 26 1
79 27 1
79 28 2
79 29 3
79 30 7
79 31 9
79 32 7
79 33 5
79 34 5
79 35 3
79 36 7
79 37 4
79 38 5
79 39 6
79 40 6
79 41 6
79 42 1
79 43 5
79 44 2
79 45 6
79 46 6
79 47 3
79 48 6
79 49 5
79 50 3
79 51 7
79 52 4
79 53 1
79 54 5
79 55 9
79 56 6
79 57 2
79 58 2
79 59 7
79 60 2
79 61 2
79 62 9
79 63 9
79 64 7
79 65 5
79 66 9
79 67 1
79 68 5
79 69 4
79 70 2
79 71 8
79 72 4
79 73 8
79 74 6
79 75 1
79 76 7
79 77 3
79 78 5
79 79 7
79 80 1
79 81 1
79 82 1
79 83 8
79 84 7
79 85 3
79 86 1
79 87 5
79 88 6
79 89 6
79 90 8
79 91 5
79 92 6
79 93 2
79 94 1
79 95 1
79 96 5
79 97 1
79 98 4
79 99 3
79 100 2
80 1 7
80 2 4
80 3 3
80 4 4
80 5 4
80 6 9
80 7 9
80 8 2
80 9 3
80 10 8
80 11 4
80 12 3
80 13 9
80 14 8
80 15 4
80 16 8
80 17 1
80 18 2
80 19 3
80 20 1
80 21 6
80 22 3
80 23 7
80 24 8
80 25 5
80 26 4
80 27 9
80 28 4
80 29 3
80 30 1
80 31 8
80 32 5
80 33 8
80 34 8
80 35 4
80 36 8
80 37 9
80 38 8
80 39 9
80 40 1
80 41 2
80 42 7
80 43 5
80 44 7
80 45 7
80 46 8
80 47 2
80 48 1
80 49 2
80 50 6
80 51 8
80 52 3
80 53 8
80 54 9
80 55 9
80 56 9
80 57 1
80 58 7
80 59 2
80 60 5
80 61 3
80 62 3
80 63 1
80 64 6
80 65 3
80 66 2
80 67 7
80 68 9
80 69 6
80 70 7
80 71 6
80 72 8
80 73 2
80 74 5
80 75 8
80 76 5
80 77 7
80 78 9
80 79 1
80 80 7
80 81 9
80 82 3
80 83 8
80 84 5
80 85 1
80 86 8
80 87 9
80 88 8
80 89 9
80 90 8
80 91 1
80 92 5
80 93 4
80 94 6
80 95 8
80 96 3
80 97 1
80 98 6
80 99 8
80 100 9
81 1 6
81 2 4
81 3 5
81 4 1
81 5 3
81 6 3
81 7 8
81 8 4
81 9 1
81 10 3
81 11 9
81 12 9
81 13 8
81 14 2
81 15 8
81 16 7
81 17 9
81 18 5
81 19 5
81 20 3
81 21 8
81 22 9
81 23 1
81 24 6
81 25 7
81 26 6
81 27 6
81 28 1
81 29 2
81 30 9
81 31 2
81 32 2
81 33 7
81 34 7
81 35 1
81 36 6
81 37 7
81 38 5
81 39 6
81 40 8
81 41 4
81 42 4
81 43 6
81 44 8
81 45 5
81 46 4
81 47 1
81 48 4
81 49 4
81 50 2
81 51 1
81 52 3
81 53 8
81 54 5
81 55 3
81 56 1
81 57 3
81 58 1
81 59 3
81 60 3
81 61 1
81 62 5
81 63 1
81 64 8
81 65 2
81 66 9
81 67 9
81 68 8
81 69 1
81 70 9
81 71 6
81 72 4
81 73 6
81 74 9
81 75 7
81 76 9
81 77 6
81 78 6
81 79 1
81 80 7
81 81 8
81 82 1
81 83 1
81 84 1
81 85 4
81 86 1
81 87 3
81 88 6
81 89 7
81 90 4
81 91 7
81 92 5
81 93 1
81 94 5
81 95 4
81 96 5
81 97 7
81 98 6
81 99 4
81 100 7
82 1 5
82 2 1
82 3 3
82 4 9
82 5 8
82 6 8
82 7 3
82 8 4
82 9 4
82 10 3
82 11 3
82 12 6
82 13 3
82 14 2
82 15 6
82 16 1
82 17 6
82 18 4
82 19 2
82 20 1
82 21 3
82 22 2
82 23 5
82 24 7
82 25 1
82 26 6
82 27 6
82 28 6
82 29 1
82 30 1
82 31 5
82 32 3
82 33 5
82 34 2
82 35 4
82 36 3
82 37 2
82 38 9
82 39 1
82 40 8
82 41 3
82 42 5
82 43 9
82 44 9
82 45 7
82 46 4
82 47 2
82 48 6
82 49 9
82 50 7
82 51 4
82 52 1
82 53 2
82 54 8
82 55 9
82 56 6
82 57 3
82 58 7
82 59 5
82 60 3
82 61 6
82 62 6
82 63 9
82 64 5
82 65 6
82 66 3
82 67 2
82 68 2
82 69 6
82 70 6
82 71 2
82 72 6
82 73 5
82 74 5
82 75 2
82 76 8
82 77 7
82 78 1
82 79 3
82 80 2
82 81 3
82 82 4
82 83 4
82 84 3
82 85 2
82 86 1
82 87 4
82 88 8
82 89 1
82 90 3
82 91 3
82 92 2
82 93 2
82 94 3
82 95 3
82 96 9
82 97 2
82 98 8
82 99 6
82 100 5
83 1 5
83 2 1
83 3 2
83 4 3
83 5 5
83 6 8
83 7 4
83 8 9
83 9 4
83 10 4
83 11 1
83 12 8
83 13 2
83 14 4
83 15 6
83 16 1
83 17 4
83 18 6
83 19 7
83 20 8
83 21 2
83 22 7
83 23 2
83 24 5
83 25 2
83 26 8
83 27 9
83 28 3
83 29 8
83 30 3
83 31 7
83 32 7
83 33 4
83 34 8
83 35 7
83 36 8
83 37 7
83 38 2
83 39 3
83 40 2
83 41 4
83 42 1
83 43 8
83 44 1
83 45 9
83 46 4
83 47 4
83 48 5
83 49 9
83 50 9
83 51 8
83 52 7
83 53 4
83 54 2
83 55 3
83 56 5
83 57 2
83 58 5
83 59 4
83 60 2
83 61 9
83 62 8
83 63 2
83 64 3
83 65 8
83 66 1
83 67 8
83 68 3
83 69 3
83 70 2
83 71 3
83 72 6
83 73 9
83 74 2
83 75 9
83 76 9
83 77 5
83 78 7
83 79 6
83 80 4
83 81 4
83 82 3
83 83 7
83 84 8
83 85 6
83 86 8
83 87 8
83 88 9
83 89 6
83 90 4
83 91 4
83 92 5
83 93 6
83 94 5
83 95 5
83 96 3
83 97 8
83 98 5
83 99 3
83 100 1
84 1 8
84 2 5
84 3 2
84 4 9
84 5 7
84 6 6
84 7 3
84 8 1
84 9 9
84 10 8
84 11 7
84 12 8
84 13 4
84 14 6
84 15 2
84 16 2
84 17 9
84 18 5
84 19 3
84 20 6
84 21 4
84 22 4
84 23 1
84 24 9
84 25 4
84 26 3
84 27 4
84 28 7
84 29 5
84 30 3
84 31 4
84 32 4
84 33 8
84 34 6
84 35 1
84 36 6
84 37 4
84 38 6
84 39 3
84 40 4
84 41 4
84 42 1
84 43 5
84 44 1
84 45 1
84 46 3
84 47 6
84 48 5
84 49 9
84 50 6
84 51 8
84 52 2
84 53 3
84 54 8
84 55 7
84 56 8
84 57 1
84 58 8
84 59 2
84 60 5
84 61 2
84 62 1
84 63 3
84 64 4
84 65 7
84 66 4
84 67 5
84 68 2
84 69 9
84 70 2
84 71 2
84 72 3
84 73 1
84 74 6
84 75 9
84 76 4
84 77 2
84 78 2
84 79 5
84 80 6
84 81 4
84 82 7
84 83 5
84 84 2
84 85 4
84 86 6
84 87 7
84 88 4
84 89 1
84 90 8
84 91 6
84 92 3
84 93 9
84 94 4
84 95 5
84 96 6
84 97 2
84 98 6
84 99 3
84 100 6
85 1 8
85 2 1
85 3 6
85 4 6
85 5 3
85 6 9
85 7 1
85 8 2
85 9 3
85 10 3
85 11 8
85 12 5
85 13 5
85 14 5
85 15 3
85 16 9
85 17 8
85 18 6
85 19 5
85 20 5
85 21 6
85 22 8
85 23 7
85 24 4
85 25 7
85 26 1
85 27 4
85 28 5
85 29 3
85 30 9
85 31 1
85 32 7
85 33 4
85 34 1
85 35 8
85 36 1
85 37 9
85 38 9
85 39 2
85 40 1
85 41 1
85 42 1
85 43 8
85 44 3
85 45 9
85 46 3
85 47 1
85 48 2
85 49 1
85 50 2
85 51 3
85 52 3
85 53 5
85 54 9
85 55 7
85 56 5
85 57 2
85 58 3
85 59 5
85 60 5
85 61 2
85 62 3
85 63 4
85 64 1
85 65 3
85 66 9
85 67 8
85 68 4
85 69 3
85 70 3
85 71 4
85 72 8
85 73 1
85 74 2
85 75 9
85 76 3
85 77 3
85 78 5
85 79 5
85 80 2
85 81 8
85 82 4
85 83 5
85 84 3
85 85 2
85 86 1
85 87 4
85 88 9
85 89 1
85 90 5
85 91 2
85 92 9
85 93 7
85 94 1
85 95 9
85 96 5
85 97 9
85 98 8
85 99 6
85 100 5
86 1 3
86 2 2
86 3 3
86 4 1
86 5 4
86 6 8
86 7 3
86 8 4
86 9 1
86 10 4
86 11 8
86 12 2
86 13 8
86 14 2
86 15 3
86 16 3
86 17 1
86 18 9
86 19 6
86 20 4
86 21 7
86 22 5
86 23 7
86 24 7
86 25 2
86 26 1
86 27 8
86 28 5
86 29 3
86 30 5
86 31 3
86 32 6
86 33 2
86 34 5
86 35 1
86 36 8
86 37 1
86 38 1
86 39 4
86 40 3
86 41 9
86 42 7
86 43 1
86 44 2
86 45 5
86 46 3
86 47 8
86 48 2
86 49 6
86 50 4
86 51 6
86 52 9
86 53 8
86 54 4
86 55 7
86 56 4
86 57 4
86 58 7
86 59 3
86 60 3
86 61 4
86 62 5
86 63 6
86 64 1
86 65 5
86 66 8
86 67 1
86 68 6
86 69 7
86 70 2
86 71 9
86 72 2
86 73 8
86 74 8
86 75 7
86 76 5
86 77 3
86 78 6
86 79 7
86 80 2
86 81 1
86 82 8
86 83 7
86 84 1
86 85 6
86 86 2
86 87 1
86 88 6
86 89 2
86 90 2
86 91 9
86 92 4
86 93 1
86 94 8
86 95 5
86 96 7
86 97 2
86 98 4
86 99 8
86 100 6
87 1 5
87 2 7
87 3 2
87 4 5
87 5 5
87 6 4
87 7 1
87 8 8
87 9 9
87 10 2
87 11 2
87 12 4
87 13 9
87 14 1
87 15 7
87 16 2
87 17 8
87 18 7
87 19 8
87 20 9
87 21 3
87 22 7
87 23 1
87 24 4
87 25 2
87 26 4
87 27 6
87 28 8
87 29 2
87 30 6
87 31 8
87 32 7
87 33 4
87 34 3
87 35 2
87 36 4
87 37 3
87 38 9
87 39 8
87 40 1
87 41 4
87 42 9
87 43 4
87 44 5
87 45 6
87 46 1
87 47 7
87 48 6
87 49 1
87 50 3
87 51 6
87 52 4
87 53 9
87 54 8
87 55 5
87 56 6
87 57 7
87 58 8
87 59 2
87 60 8
87 61 3
87 62 4
87 63 6
87 64 2
87 65 1
87 66 2
87 67 9
87 68 9
87 69 4
87 70 2
87 71 6
87 72 7
87 73 8
87 74 2
87 75 3
87 76 5
87 77 1
87 78 7
87 79 3
87 80 1
87 81 2
87 82 4
87 83 6
87 84 8
87 85 3
87 86 4
87 87 1
87 88 7
87 89 7
87 90 6
87 91 2
87 92 5
87 93 7
87 94 6
87 95 1
87 96 2
87 97 7
87 98 9
87 99 4
87 100 9
88 1 1
88 2 9
88 3 6
88 4 7
88 5 5
88 6 5
88 7 4
88 8 4
88 9 9
88 10 3
88 11 7
88 12 3
88 13 5
88 14 8
88 15 9
88 16 6
88 17 3
88 18 9
88 19 6
88 20 8
88 21 9
88 22 2
88 23 3
88 24 7
88 25 8
88 26 4
88 27 9
88 28 2
88 29 1
88 30 5
88 31 2
88 32 1
88 33 1
88 34 5
88 35 8
88 36 8
88 37 7
88 38 6
88 39 4
88 40 2
88 41 1
88 42 5
88 43 2
88 44 6
88 45 9
88 46 1
88 47 5
88 48 4
88 49 1
88 50 7
88 51 9
88 52 4
88 53 2
88 54 4
88 55 4
88 56 2
88 57 6
88 58 8
88 59 2
88 60 6
88 61 3
88 62 1
88 63 1
88 64 4
88 65 3
88 66 6
88 67 2
88 68 6
88 69 1
88 70 3
88 71 7
88 72 3
88 73 4
88 74 5
88 75 6
88 76 9
88 77 2
88 78 1
88 79 8
88 80 3
88 81 4
88 82 2
88 83 5
88 84 8
88 85 8
88 86 9
88 87 5
88 88 9
88 89 4
88 90 2
88 91 7
88 92 6
88 93 1
88 94 5
88 95 2
88 96 3
88 97 2
88 98 1
88 99 5
88 100 7
89 1 2
89 2 2
89 3 8
89 4 5
89 5 3
89 6 2
89 7 8
89 8 8
89 9 9
89 10 6
89 11 8
89 12 1
89 13 2
89 14 7
89 15 4
89 16 7
89 17 2
89 18 3
89 19 1
89 20 1
89 21 7
89 22 3
89 23 6
89 24 2
89 25 9
89 26 1
89 27 7
89 28 4
89 29 5
89 30 1
89 31 7
89 32 8
89 33 6
89 34 5
89 35 7
89 36 4
89 37 7
89 38 6
89 39 3
89 40 3
89 41 5
89 42 5
89 43 5
89 44 8
89 45 6
89 46 7
89 47 7
89 48 7
89 49 6
89 50 5
89 51 2
89 52 5
89 53 2
89 54 1
89 55 4
89 56 7
89 57 3
89 58 9
89 59 6
89 60 9
89 61 3
89 62 3
89 63 8
89 64 9
89 65 2
89 66 7
89 67 6
89 68 2
89 69 1
89 70 4
89 71 6
89 72 5
89 73 9
89 74 6
89 75 7
89 76 6
89 77 8
89 78 6
89 79 9
89 80 6
89 81 6
89 82 3
89 83 1
89 84 5
89 85 6
89 86 3
89 87 7
89 88 1
89 89 1
89 90 9
89 91 6
89 92 5
89 93 2
89 94 6
89 95 6
89 96 8
89 97 8
89 98 1
89 99 2
89 100 8
90 1 7
90 2 9
90 3 2
90 4 4
90 5 9
90 6 2
90 7 2
90 8 2
90 9 1
90 10 5
90 11 3
90 12 3
90 13 4
90 14 7
90 15 5
90 16 2
90 17 3
90 18 3
90 19 2
90 20 2
90 21 8
90 22 4
90 23 2
90 24 3
90 25 1
90 26 4
90 27 6
90 28 2
90 29 8
90 30 7
90 31 8
90 32 3
90 33 4
90 34 4
90 35 7
90 36 8
90 37 4
90 38 5
90 39 5
90 40 4
90 41 4
90 42 4
90 43 5
90 44 1
90 45 1
90 46 1
90 47 5
90 48 9
90 49 1
90 50 7
90 51 7
90 52 2
90 53 4
90 54 5
90 55 8
90 56 8
90 57 6
90 58 8
90 59 8
90 60 1
90 61 7
90 62 4
90 63 9
90 64 3
90 65 7
90 66 4
90 67 5
90 68 3
90 69 5
90 70 5
90 71 8
90 72 2
90 73 4
90 74 1
90 75 2
90 76 5
90 77 2
90 78 3
90 79 4
90 80 7
90 81 2
90 82 3
90 83 8
90 84 9
90 85 2
90 86 6
90 87 1
90 88 2
90 89 4
90 90 7
90 91 5
90 92 7
90 93 4
90 94 2
90 95 8
90 96 1
90 97 8
90 98 6
90 99 9
90 100 5
91 1 6
91 2 8
91 3 6
91 4 3
91 5 5
91 6 8
91 7 6
91 8 2
91 9 5
91 10 4
91 11 1
91 12 4
91 13 4
91 14 3
91 15 7
91 16 3
91 17 3
91 18 7
91 19 9
91 20 7
91 21 7
91 22 3
91 23 5
91 24 8
91 25 4
91 26 1
91 27 4
91 28 3
91 29 4
91 30 8
91 31 5
91 32 1
91 33 4
91 34 9
91 35 3
91 36 7
91 37 4
91 38 9
91 39 5
91 40 7
91 41 2
91 42 2
91 43 8
91 44 7
91 45 4
91 46 8
91 47 5
91 48 3
91 49 5
91 50 6
91 51 2
91 52 4
91 53 8
91 54 6
91 55 8
91 56 9
91 57 4
91 58 8
91 59 7
91 60 6
91 61 8
91 62 8
91 63 1
91 64 4
91 65 6
91 66 4
91 67 8
91 68 9
91 69 9
91 70 7
91 71 4
91 72 2
91 73 8
91 74 7
91 75 9
91 76 6
91 77 4
91 78 1
91 79 2
91 80 9
91 81 6
91 82 6
91 83 4
91 84 8
91 85 1
91 86 5
91 87 9
91 88 2
91 89 2
91 90 3
91 91 4
91 92 6
91 93 1
91 94 9
91 95 8
91 96 5
91 97 4
91 98 5
91 99 3
91 100 3
92 1 4
92 2 1
92 3 8
92 4 1
92 5 1
92 6 9
92 7 6
92 8 2
92 9 4
92 10 4
92 11 7
92 12 2
92 13 2
92 14 9
92 15 8
92 16 4
92 17 2
92 18 5
92 19 6
92 20 6
92 21 7
92 22 5
92 23 9
92 24 7
92 25 5
92 26 6
92 27 1
92 28 3
92 29 1
92 30 8
92 31 6
92 32 2
92 33 6
92 34 8
92 35 5
92 36 7
92 37 1
92 38 8
92 39 9
92 40 1
92 41 7
92 42 5
92 43 7
92 44 6
92 45 6
92 46 9
92 47 2
92 48 2
92 49 4
92 50 9
92 51 8
92 52 9
92 53 3
92 54 2
92 55 3
92 56 8
92 57 4
92 58 4
92 59 2
92 60 2
92 61 5
92 62 2
92 63 3
92 64 9
92 65 5
92 66 2
92 67 1
92 68 6
92 69 6
92 70 5
92 71 5
92 72 9
92 73 7
92 74 7
92 75 4
92 76 3
92 77 6
92 78 8
92 79 2
92 80 4
92 81 7
92 82 7
92 83 3
92 84 7
92 85 7
92 86 3
92 87 1
92 88 6
92 89 4
92 90 9
92 91 8
92 92 1
92 93 9
92 94 6
92 95 2
92 96 6
92 97 7
92 98 7
92 99 7
92 100 9
93 1 5
93 2 7
93 3 4
93 4 5
93 5 2
93 6 8
93 7 8
93 8 2
93 9 7
93 10 9
93 11 5
93 12 1
93 13 8
93 14 5
93 15 7
93 16 9
93 17 4
93 18 2
93 19 5
93 20 1
93 21 5
93 22 1
93 23 1
93 24 3
93 25 5
93 26 9
93 27 8
93 28 8
93 29 7
93 30 8
93 31 4
93 32 4
93 33 2
93 34 2
93 35 8
93 36 4
93 37 6
93 38 1
93 39 8
93 40 3
93 41 2
93 42 2
93 43 1
93 44 1
93 45 4
93 46 3
93 47 6
93 48 8
93 49 3
93 50 8
93 51 6
93 52 6
93 53 4
93 54 2
93 55 9
93 56 6
93 57 6
93 58 3
93 59 7
93 60 1
93 61 7
93 62 4
93 63 8
93 64 8
93 65 8
93 66 8
93 67 9
93 68 2
93 69 3
93 70 6
93 71 2
93 72 4
93 73 2
93 74 5
93 75 6
93 76 2
93 77 5
93 78 8
93 79 3
93 80 4
93 81 6
93 82 4
93 83 3
93 84 8
93 85 3
93 86 4
93 87 2
93 88 1
93 89 9
93 90 5
93 91 4
93 92 6
93 93 2
93 94 8
93 95 5
93 96 2
93 97 9
93 98 3
93 99 3
93 100 8
94 1 4
94 2 9
94 3 8
94 4 7
94 5 5
94 6 2
94 7 9
94 8 7
94 9 6
94 10 7
94 11 4
94 12 2
94 13 8
94 14 8
94 15 4
94 16 4
94 17 8
94 18 5
94 19 9
94 20 3
94 21 7
94 22 3
94 23 6
94 24 8
94 25 3
94 26 1
94 27 1
94 28 3
94 29 7
94 30 7
94 31 4
94 32 9
94 33 2
94 34 2
94 35 6
94 36 1
94 37 9
94 38 9
94 39 7
94 40 3
94 41 9
94 42 6
94 43 4
94 44 4
94 45 8
94 46 4
94 47 2
94 48 8
94 49 1
94 50 6
94 51 5
94 52 8
94 53 1
94 54 3
94 55 7
94 56 3
94 57 8
94 58 6
94 59 2
94 60 5
94 61 4
94 62 2
94 63 2
94 64 2
94 65 1
94 66 3
94 67 6
94 68 5
94 69 8
94 70 8
94 71 6
94 72 9
94 73 1
94 74 9
94 75 7
94 76 3
94 77 2
94 78 1
94 79 7
94 80 1
94 81 9
94 82 9
94 83 8
94 84 1
94 85 7
94 86 3
94 87 6
94 88 8
94 89 5
94 90 8
94 91 6
94 92 8
94 93 4
94 94 7
94 95 7
94 96 3
94 97 5
94 98 6
94 99 2
94 100 3
95 1 5
95 2 7
95 3 8
95 4 2
95 5 1
95 6 5
95 7 5
95 8 3
95 9 5
95 10 8
95 11 5
95 12 4
95 13 4
95 14 7
95 15 4
95 16 7
95 17 5
95 18 3
95 19 3
95 20 3
95 21 9
95 22 5
95 23 4
95 24 6
95 25 8
95 26 9
95 27 7
95 28 7
95 29 5
95 30 4
95 31 4
95 32 8
95 33 1
95 34 5
95 35 5
95 36 6
95 37 9
95 38 8
95 39 5
95 40 9
95 41 8
95 42 3
95 43 2
95 44 5
95 45 1
95 46 2
95 47 8
95 48 4
95 49 3
95 50 2
95 51 2
95 52 9
95 53 2
95 54 7
95 55 4
95 56 9
95 57 9
95 58 8
95 59 4
95 60 5
95 61 3
95 62 7
95 63 8
95 64 3
95 65 9
95 66 4
95 67 8
95 68 4
95 69 3
95 70 9
95 71 1
95 72 3
95 73 4
95 74 7
95 75 4
95 76 9
95 77 2
95 78 9
95 79 5
95 80 8
95 81 8
95 82 3
95 83 5
95 84 9
95 85 4
95 86 3
95 87 1
95 88 1
95 89 5
95 90 1
95 91 6
95 92 6
95 93 4
95 94 2
95 95 7
95 96 2
95 97 8
95 98 3
95 99 5
95 100 6
96 1 5
96 2 1
96 3 5
96 4 7
96 5 9
96 6 3
96 7 8
96 8 4
96 9 1
96 10 7
96 11 1
96 12 2
96 13 9
96 14 1
96 15 1
96 16 1
96 17 7
96 18 2
96 19 1
96 20 8
96 21 1
96 22 8
96 23 6
96 24 3
96 25 2
96 26 2
96 27 7
96 28 1
96 29 7
96 30 1
96 31 8
96 32 6
96 33 4
96 34 4
96 35 7
96 36 7
96 37 5
96 38 5
96 39 8
96 40 4
96 41 7
96 42 6
96 43 7
96 44 6
96 45 6
96 46 3
96 47 1
96 48 8
96 49 4
96 50 3
96 51 2
96 52 3
96 53 3
96 54 4
96 55 4
96 56 1
96 57 4
96 58 4
96 59 6
96 60 2
96 61 9
96 62 4
96 63 7
96 64 8
96 65 5
96 66 4
96 67 3
96 68 5
96 69 8
96 70 9
96 71 8
96 72 5
96 73 3
96 74 9
96 75 8
96 76 2
96 77 2
96 78 2
96 79 5
96 80 1
96 81 6
96 82 3
96 83 7
96 84 1
96 85 4
96 86 6
96 87 1
96 88 9
96 89 1
96 90 6
96 91 5
96 92 7
96 93 1
96 94 8
96 95 6
96 96 1
96 97 8
96 98 3
96 99 4
96 100 4
97 1 8
97 2 4
97 3 9
97 4 8
97 5 2
97 6 1
97 7 9
97 8 7
97 9 7
97 10 2
97 11 8
97 12 4
97 13 3
97 14 5
97 15 8
97 16 3
97 17 4
97 18 4
97 19 3
97 20 7
97 21 5
97 22 4
97 23 7
97 24 9
97 25 4
97 26 9
97 27 4
97 28 4
97 29 3
97 30 8
97 31 8
97 32 1
97 33 6
97 34 7
97 35 3
97 36 4
97 37 4
97 38 3
97 39 1
97 40 1
97 41 4
97 42 8
97 43 5
97 44 1
97 45 2
97 46 6
97 47 2
97 48 6
97 49 3
97 50 6
97 51 4
97 52 7
97 53 8
97 54 2
97 55 7
97 56 6
97 57 6
97 58 4
97 59 3
97 60 6
97 61 1
97 62 6
97 63 7
97 64 2
97 65 5
97 66 9
97 67 4
97 68 1
97 69 3
97 70 8
97 71 9
97 72 7
97 73 9
97 74 7
97 75 7
97 76 3
97 77 8
97 78 2
97 79 3
97 80 9
97 81 8
97 82 6
97 83 3
97 84 4
97 85 8
97 86 1
97 87 9
97 88 2
97 89 4
97 90 9
97 91 9
97 92 5
97 93 7
97 94 8
97 95 6
97 96 8
97 97 9
97 98 7
97 99 5
97 100 2
98 1 7
98 2 1
98 3 8
98 4 4
98 5 3
98 6 4
98 7 8
98 8 1
98 9 6
98 10 5
98 11 7
98 12 6
98 13 9
98 14 8
98 15 1
98 16 3
98 17 8
98 18 8
98 19 8
98 20 3
98 21 9
98 22 4
98 23 7
98 24 9
98 25 3
98 26 6
98 27 1
98 28 9
98 29 3
98 30 1
98 31 1
98 32 1
98 33 5
98 34 5
98 35 5
98 36 3
98 37 9
98 38 5
98 39 3
98 40 7
98 41 1
98 42 5
98 43 9
98 44 5
98 45 6
98 46 8
98 47 3
98 48 7
98 49 4
98 50 5
98 51 8
98 52 6
98 53 1
98 54 4
98 55 4
98 56 7
98 57 1
98 58 7
98 59 6
98 60 2
98 61 2
98 62 8
98 63 1
98 64 9
98 65 3
98 66 1
98 67 8
98 68 9
98 69 4
98 70 2
98 71 6
98 72 1
98 73 7
98 74 9
98 75 1
98 76 3
98 77 2
98 78 6
98 79 1
98 80 6
98 81 9
98 82 4
98 83 7
98 84 1
98 85 1
98 86 4
98 87 7
98 88 8
98 89 3
98 90 9
98 91 7
98 92 2
98 93 1
98 94 4
98 95 2
98 96 5
98 97 2
98 98 9
98 99 9
98 100 3
99 1 9
99 2 7
99 3 5
99 4 1
99 5 7
99 6 7
99 7 5
99 8 6
99 9 8
99 10 9
99 11 2
99 12 2
99 13 1
99 14 3
99 15 4
99 16 1
99 17 6
99 18 5
99 19 9
99 20 7
99 21 3
99 22 2
99 23 7
99 24 4
99 25 3
99 26 2
99 27 6
99 28 7
99 29 6
99 30 3
99 31 9
99 32 4
99 33 4
99 34 4
99 35 9
99 36 4
99 37 3
99 38 4
99 39 3
99 40 9
99 41 1
99 42 6
99 43 1
99 44 4
99 45 2
99 46 2
99 47 3
99 48 2
99 49 9
99 50 3
99 51 6
99 52 1
99 53 1
99 54 3
99 55 5
99 56 1
99 57 7
99 58 6
99 59 9
99 60 8
99 61 5
99 62 1
99 63 7
99 64 7
99 65 7
99 66 5
99 67 4
99 68 5
99 69 9
99 70 7
99 71 2
99 72 7
99 73 1
99 74 6
99 75 5
99 76 8
99 77 3
99 78 4
99 79 7
99 80 6
99 81 8
99 82 9
99 83 9
99 84 3
99 85 9
99 86 8
99 87 2
99 88 5
99 89 4
99 90 3
99 91 9
99 92 1
99 93 2
99 94 7
99 95 5
99 96 6
99 97 8
99 98 9
99 99 6
99 100 9
100 1 3
100 2 1
100 3 7
100 4 8
100 5 4
100 6 1
100 7 1
100 8 3
100 9 9
100 10 9
100 11 7
100 12 9
100 13 4
100 14 1
100 15 4
100 16 1
100 17 9
100 18 7
100 19 8
100 20 2
100 21 2
100 22 9
100 23 4
100 24 4
100 25 8
100 26 4
100 27 9
100 28 6
100 29 9
100 30 5
100 31 2
100 32 2
100 33 9
100 34 7
100 35 5
100 36 6
100 37 8
100 38 7
100 39 5
100 40 6
100 41 5
100 42 2
100 43 7
100 44 2
100 45 5
100 46 1
100 47 6
100 48 7
100 49 3
100 50 9
100 51 8
100 52 9
100 53 6
100 54 5
100 55 5
100 56 7
100 57 4
100 58 4
100 59 6
100 60 4
100 61 2
100 62 8
100 63 6
100 64 1
100 65 1
100 66 3
100 67 4
100 68 6
100 69 2
100 70 5
100 71 7
100 72 1
100 73 5
100 74 3
100 75 6
100 76 1
100 77 7
100 78 5
100 79 9
100 80 5
100 81 4
100 82 9
100 83 2
100 84 5
100 85 3
100 86 4
100 87 6
100 88 9
100 89 8
100 90 9
100 91 6
100 92 8
100 93 9
100 94 3
100 95 5
100 96 3
100 97 6
100 98 7
100 99 8
100 100 9
